0 0 155.641 0 3 1.02481
10 0 308.787 0 3 1.12811
11 0 439.961 0 3 1.17019
12 0 723.265 0 3 1.23056
13 0 1406.33 0 3 1.31899
14 0 3325.78 0 3 1.45221
15 0 10037.2 0 3 1.66051
16 0 41442.8 0 3 2.00042
17 0 221276 0 3 2.57214
18 0 872111 0 3 3.52407
19 0 1.9882e+06 0 3 4.91425
1 0 156.646 0 3 1.02654
20 0 3.65338e+06 0 3 5.87006
21 0 5.48541e+06 0 3 4.97949
22 0 6.26102e+06 0 3 4.61621
23 0 5.67915e+06 0 3 3.2737
24 0 3.18763e+06 0 3 2.42967
25 0 1.64347e+06 0 3 1.99292
26 0 433341 0 3 1.76608
27 0 368623 0 3 1.78613
28 0 518163 0 3 1.9332
29 0 635136 0 3 2.06776
2 0 158.084 0 3 1.02889
30 0 707757 0 3 2.17491
31 0 436859 0 3 2.19454
32 0 365138 0 3 2.09276
33 0 233962 0 3 2.01712
34 0 205256 0 3 2.03191
35 0 126644 0 3 2.10819
36 0 138561 0 3 2.05453
37 0 58068.5 0 3 2.04305
38 0 39349.9 0 3 2.06415
39 0 27905.1 0 3 2.04773
3 0 160.173 0 3 1.03209
40 0 31610.4 0 3 2.03717
41 0 10571.3 0 3 2.04435
42 0 7258.57 0 3 2.03893
43 0 4001.84 0 3 2.03507
44 0 3640.38 0 3 2.04117
45 0 2657.45 0 3 2.04435
46 0 2499.41 0 3 2.0385
47 0 2152 0 3 2.03543
48 0 1278.38 0 3 2.03823
49 0 1551.45 0 3 2.04399
4 0 163.271 0 3 1.03644
50 0 1244.79 0 3 2.04175
5 0 167.979 0 3 1.04238
6 0 175.346 0 3 1.05051
7 0 187.272 0 3 1.06166
8 0 207.364 0 3 1.07703
9 0 242.803 0 3 1.09833
0 10 153.671 0 3 1.02118
10 10 168.559 0 3 1.04487
11 10 175.131 0 3 1.05348
12 10 184.561 0 3 1.06493
13 10 197.762 0 3 1.08003
14 10 215.179 0 3 1.09967
15 10 235.384 0 3 1.12469
16 10 252.76 0 3 1.15548
17 10 257.108 0 3 1.19127
18 10 242.998 0 3 1.22897
19 10 228.544 0 3 1.26207
1 10 153.892 0 3 1.02161
20 10 250.562 0 3 1.28111
21 10 319.644 0 3 1.27796
22 10 419.283 0 3 1.25259
23 10 622.975 0 3 1.21504
24 10 1015.89 0 3 1.17961
25 10 1449.4 0 3 1.15578
26 10 1552.71 0 3 1.14282
27 10 1315.97 0 3 1.14204
28 10 1360.89 0 3 1.15367
29 10 1707.63 0 3 1.16633
2 10 154.194 0 3 1.02219
30 10 2099.31 0 3 1.17184
31 10 1756.22 0 3 1.17222
32 10 1225.84 0 3 1.16901
33 10 1269.6 0 3 1.16477
34 10 1370.02 0 3 1.16332
35 10 794.11 0 3 1.16942
36 10 881.961 0 3 1.16694
37 10 586.129 0 3 1.16535
38 10 425 0 3 1.16778
39 10 488.864 0 3 1.16647
3 10 154.609 0 3 1.02298
40 10 290.793 0 3 1.16571
41 10 245.329 0 3 1.16656
42 10 292.651 0 3 1.16625
43 10 238.341 0 3 1.166
44 10 226.382 0 3 1.16653
45 10 172.844 0 3 1.16681
46 10 244.613 0 3 1.16633
47 10 223.133 0 3 1.16608
48 10 192.478 0 3 1.1663
49 10 204.555 0 3 1.16678
4 10 155.182 0 3 1.02405
50 10 189.765 0 3 1.16659
5 10 155.976 0 3 1.02549
6 10 157.084 0 3 1.02745
7 10 158.641 0 3 1.03008
8 10 160.85 0 3 1.03364
9 10 164.009 0 3 1.03844
0 1 155.285 0 3 1.02418
10 1 269.789 0 3 1.1127
0 11 153.59 0 3 1.02102
10 11 165.964 0 3 1.04158
11 11 171.204 0 3 1.04902
12 11 178.561 0 3 1.05888
13 11 188.596 0 3 1.07184
14 11 201.416 0 3 1.08861
15 11 215.644 0 3 1.10985
16 11 226.861 0 3 1.13581
17 11 227.537 0 3 1.16574
18 11 213.559 0 3 1.19703
19 11 197.186 0 3 1.22433
11 1 358.73 0 3 1.14801
1 11 153.782 0 3 1.02139
20 11 205.27 0 3 1.24005
21 11 250.462 0 3 1.23761
22 11 329.826 0 3 1.21675
23 11 497.507 0 3 1.18554
24 11 801.381 0 3 1.156
25 11 1124.33 0 3 1.13611
26 11 1177.75 0 3 1.12536
27 11 959.854 0 3 1.12472
28 11 958.515 0 3 1.13445
29 11 1256.28 0 3 1.14505
12 1 536.965 0 3 1.19792
2 11 154.043 0 3 1.0219
30 11 1571.15 0 3 1.14972
31 11 1334.82 0 3 1.15005
32 11 879.758 0 3 1.14733
33 11 953.62 0 3 1.14382
34 11 1053.35 0 3 1.14253
35 11 595.484 0 3 1.14769
36 11 684.361 0 3 1.14562
37 11 462.924 0 3 1.14428
38 11 345.151 0 3 1.14633
39 11 404.86 0 3 1.14523
13 1 920.84 0 3 1.26948
3 11 154.401 0 3 1.02259
40 11 249.124 0 3 1.1446
41 11 217.277 0 3 1.14531
42 11 261.818 0 3 1.14505
43 11 219.994 0 3 1.14485
44 11 210.703 0 3 1.14529
45 11 166.581 0 3 1.14553
46 11 228.185 0 3 1.14512
47 11 210.086 0 3 1.14491
48 11 185.404 0 3 1.1451
49 11 195.286 0 3 1.14551
14 1 1819.04 0 3 1.37385
4 11 154.892 0 3 1.02352
50 11 183.203 0 3 1.14534
15 1 4095.31 0 3 1.52917
5 11 155.571 0 3 1.02477
16 1 9936.07 0 3 1.76419
6 11 156.512 0 3 1.02647
17 1 21858.5 0 3 2.11854
7 11 157.824 0 3 1.02877
18 1 37527.7 0 3 2.62436
8 11 159.667 0 3 1.03186
19 1 61118.4 0 3 3.22591
9 11 162.27 0 3 1.03601
1 1 156.141 0 3 1.02568
20 1 100252 0 3 3.59158
0 12 153.521 0 3 1.02088
10 12 163.86 0 3 1.03874
11 12 168.074 0 3 1.04517
12 12 173.873 0 3 1.05367
13 12 181.592 0 3 1.06481
14 12 191.156 0 3 1.07918
15 12 201.312 0 3 1.09728
16 12 208.564 0 3 1.11926
17 12 207.235 0 3 1.14445
18 12 194.117 0 3 1.1706
19 12 177.663 0 3 1.19331
21 1 132716 0 3 3.34514
1 12 153.686 0 3 1.02121
20 12 177.867 0 3 1.2064
21 12 207.6 0 3 1.20447
22 12 271.113 0 3 1.18717
23 12 409.226 0 3 1.16105
24 12 647.443 0 3 1.13626
25 12 891.047 0 3 1.11956
26 12 913.448 0 3 1.11058
27 12 716.133 0 3 1.11005
28 12 687.799 0 3 1.11824
29 12 943.763 0 3 1.12716
22 1 114568 0 3 2.9328
2 12 153.912 0 3 1.02165
30 12 1199.62 0 3 1.13113
31 12 1035.08 0 3 1.13141
32 12 644.448 0 3 1.1291
33 12 733.208 0 3 1.12617
34 12 828.058 0 3 1.12504
35 12 459.046 0 3 1.12942
36 12 544.965 0 3 1.12768
37 12 376.651 0 3 1.12655
38 12 289.751 0 3 1.12828
39 12 344.258 0 3 1.12736
23 1 78426.6 0 3 2.50585
3 12 154.221 0 3 1.02225
40 12 220.402 0 3 1.12682
41 12 197.902 0 3 1.12743
42 12 238.871 0 3 1.12721
43 12 206.242 0 3 1.12704
44 12 198.948 0 3 1.12741
45 12 162.301 0 3 1.12762
46 12 215.245 0 3 1.12727
47 12 199.914 0 3 1.1271
48 12 179.842 0 3 1.12726
49 12 187.998 0 3 1.1276
24 1 71287 0 3 2.00743
4 12 154.644 0 3 1.02306
50 12 178.04 0 3 1.12746
25 1 91844.8 0 3 1.74183
5 12 155.225 0 3 1.02415
26 1 104615 0 3 1.6149
6 12 156.026 0 3 1.02563
27 1 107818 0 3 1.62184
7 12 157.136 0 3 1.02762
28 1 135739 0 3 1.72253
8 12 158.681 0 3 1.0303
29 1 145518 0 3 1.82396
9 12 160.839 0 3 1.03391
2 1 157.357 0 3 1.02773
30 1 158053 0 3 1.86982
0 13 153.46 0 3 1.02076
10 13 162.141 0 3 1.03627
11 13 165.557 0 3 1.04183
12 13 170.171 0 3 1.04918
13 13 176.173 0 3 1.05878
14 13 183.394 0 3 1.07111
15 13 190.73 0 3 1.08658
16 13 195.391 0 3 1.10528
17 13 193.019 0 3 1.12657
18 13 181.056 0 3 1.14856
19 13 165.426 0 3 1.16759
31 1 98667.5 0 3 1.88403
1 13 153.604 0 3 1.02105
20 13 161.28 0 3 1.17856
21 13 180.844 0 3 1.17702
22 13 231.963 0 3 1.16256
23 13 346.002 0 3 1.14057
24 13 534.99 0 3 1.11965
25 13 720.81 0 3 1.10555
26 13 724.13 0 3 1.098
27 13 547.367 0 3 1.09757
28 13 504.139 0 3 1.1045
29 13 724.397 0 3 1.11204
32 1 97072.3 0 3 1.83881
2 13 153.8 0 3 1.02143
30 13 934.214 0 3 1.11542
31 13 818.747 0 3 1.11567
32 13 483.112 0 3 1.1137
33 13 577.361 0 3 1.11124
34 13 665.266 0 3 1.11025
35 13 364.467 0 3 1.11398
36 13 445.233 0 3 1.11251
37 13 315.538 0 3 1.11156
38 13 250.878 0 3 1.11302
39 13 299.907 0 3 1.11224
33 1 78722.3 0 3 1.79217
3 13 154.066 0 3 1.02195
40 13 200.398 0 3 1.11178
41 13 184.399 0 3 1.11231
42 13 221.527 0 3 1.11212
43 13 195.773 0 3 1.11198
44 13 189.994 0 3 1.11229
45 13 159.351 0 3 1.11247
46 13 204.913 0 3 1.11217
47 13 191.871 0 3 1.11202
48 13 175.405 0 3 1.11216
49 13 182.186 0 3 1.11245
34 1 72005.5 0 3 1.79541
4 13 154.431 0 3 1.02266
50 13 173.918 0 3 1.11233
35 1 46199.8 0 3 1.84514
5 13 154.929 0 3 1.02361
36 1 43184.1 0 3 1.81568
6 13 155.614 0 3 1.02489
37 1 24598.2 0 3 1.80367
7 13 156.556 0 3 1.02663
38 1 17040.9 0 3 1.82191
8 13 157.856 0 3 1.02896
39 1 13476.8 0 3 1.8103
9 13 159.655 0 3 1.03209
3 1 159.108 0 3 1.0305
40 1 9777.32 0 3 1.80382
0 14 153.408 0 3 1.02066
10 14 160.728 0 3 1.03413
11 14 163.517 0 3 1.03895
12 14 167.219 0 3 1.04531
13 14 171.933 0 3 1.05358
14 14 177.446 0 3 1.06419
15 14 182.799 0 3 1.07745
16 14 185.749 0 3 1.0934
17 14 182.897 0 3 1.11148
18 14 172.168 0 3 1.13007
19 14 157.77 0 3 1.1461
41 1 5345.33 0 3 1.80915
1 14 153.533 0 3 1.02091
20 14 151.366 0 3 1.15534
21 14 164.158 0 3 1.1541
22 14 205.555 0 3 1.14195
23 14 300.037 0 3 1.12335
24 14 451.563 0 3 1.10561
25 14 594.754 0 3 1.09365
26 14 586.62 0 3 1.08728
27 14 429.434 0 3 1.08692
28 14 378.935 0 3 1.0928
29 14 568.667 0 3 1.09921
42 1 3957.08 0 3 1.80577
2 14 153.702 0 3 1.02124
30 14 742.088 0 3 1.1021
31 14 660.612 0 3 1.10232
32 14 371.902 0 3 1.10063
33 14 465.889 0 3 1.09855
34 14 546.01 0 3 1.09769
35 14 298.469 0 3 1.10087
36 14 372.996 0 3 1.09963
37 14 271.827 0 3 1.09882
38 14 223.348 0 3 1.10007
39 14 267.03 0 3 1.09941
43 1 2266.17 0 3 1.80334
3 14 153.933 0 3 1.0217
40 14 186.353 0 3 1.09901
41 14 174.922 0 3 1.09946
42 14 208.235 0 3 1.09931
43 14 187.694 0 3 1.09918
44 14 183.074 0 3 1.09945
45 14 157.307 0 3 1.0996
46 14 196.566 0 3 1.09935
47 14 185.432 0 3 1.09922
48 14 171.822 0 3 1.09934
49 14 177.495 0 3 1.09958
44 1 2033.94 0 3 1.80756
4 14 154.247 0 3 1.02231
50 14 170.586 0 3 1.09948
45 1 1387.15 0 3 1.80978
5 14 154.676 0 3 1.02314
46 1 1511.13 0 3 1.80576
6 14 155.261 0 3 1.02425
47 1 1302.43 0 3 1.80367
7 14 156.063 0 3 1.02576
48 1 784.682 0 3 1.80557
8 14 157.163 0 3 1.02779
49 1 950.237 0 3 1.80952
9 14 158.669 0 3 1.0305
4 1 161.676 0 3 1.03428
50 1 750.515 0 3 1.80797
0 15 153.363 0 3 1.02057
10 15 159.559 0 3 1.03228
11 15 161.851 0 3 1.03646
12 15 164.846 0 3 1.04196
13 15 168.582 0 3 1.04911
14 15 172.834 0 3 1.05825
15 15 176.775 0 3 1.06963
16 15 178.588 0 3 1.08328
17 15 175.585 0 3 1.09869
18 15 166.061 0 3 1.11447
19 15 153.041 0 3 1.12804
1 15 153.471 0 3 1.02079
20 15 145.623 0 3 1.13587
21 15 153.868 0 3 1.13485
22 15 187.599 0 3 1.12458
23 15 266.18 0 3 1.10879
24 15 388.813 0 3 1.09369
25 15 500.195 0 3 1.0835
26 15 485.505 0 3 1.07811
27 15 346.453 0 3 1.07781
28 15 293.462 0 3 1.08282
29 15 457.068 0 3 1.08828
2 15 153.618 0 3 1.02108
30 15 601.382 0 3 1.09076
31 15 543.698 0 3 1.09094
32 15 295.059 0 3 1.0895
33 15 385.363 0 3 1.08774
34 15 457.569 0 3 1.08698
35 15 252.215 0 3 1.08971
36 15 320.102 0 3 1.08865
37 15 240.306 0 3 1.08796
38 15 203.704 0 3 1.08903
39 15 242.373 0 3 1.08847
3 15 153.817 0 3 1.02147
40 15 176.43 0 3 1.08813
41 15 168.239 0 3 1.08851
42 15 197.919 0 3 1.08838
43 15 181.381 0 3 1.08828
44 15 177.659 0 3 1.08851
45 15 155.887 0 3 1.08863
46 15 189.755 0 3 1.08842
47 15 180.221 0 3 1.08831
48 15 168.898 0 3 1.08841
49 15 173.67 0 3 1.08862
4 15 154.089 0 3 1.02201
50 15 167.864 0 3 1.08853
5 15 154.458 0 3 1.02273
6 15 154.96 0 3 1.0237
7 15 155.645 0 3 1.02501
8 15 156.577 0 3 1.02677
9 15 157.845 0 3 1.02913
5 1 165.524 0 3 1.03943
0 16 153.323 0 3 1.02049
10 16 158.586 0 3 1.03067
11 16 160.481 0 3 1.0343
12 16 162.921 0 3 1.03906
13 16 165.909 0 3 1.04524
14 16 169.219 0 3 1.05313
15 16 172.145 0 3 1.06292
16 16 173.201 0 3 1.07463
17 16 170.237 0 3 1.0878
18 16 161.837 0 3 1.10125
19 16 150.198 0 3 1.11278
1 16 153.417 0 3 1.02068
20 16 142.506 0 3 1.11944
21 16 147.683 0 3 1.1186
22 16 175.334 0 3 1.10989
23 16 240.95 0 3 1.09642
24 16 341.032 0 3 1.08353
25 16 428.431 0 3 1.07483
26 16 410.33 0 3 1.07024
27 16 287.778 0 3 1.06999
28 16 235.244 0 3 1.07427
29 16 376.463 0 3 1.07894
2 16 153.544 0 3 1.02093
30 16 497.263 0 3 1.08107
31 16 456.369 0 3 1.08123
32 16 241.99 0 3 1.07999
33 16 326.689 0 3 1.07849
34 16 391.248 0 3 1.07783
35 16 219.729 0 3 1.08017
36 16 280.992 0 3 1.07927
37 16 217.419 0 3 1.07868
38 16 189.601 0 3 1.07959
39 16 223.682 0 3 1.07911
3 16 153.717 0 3 1.02128
40 16 169.39 0 3 1.07882
41 16 163.512 0 3 1.07915
42 16 189.821 0 3 1.07904
43 16 176.393 0 3 1.07895
44 16 173.371 0 3 1.07915
45 16 154.899 0 3 1.07926
46 16 184.149 0 3 1.07907
47 16 175.966 0 3 1.07898
48 16 166.49 0 3 1.07906
49 16 170.523 0 3 1.07924
4 16 153.952 0 3 1.02174
50 16 165.622 0 3 1.07917
5 16 154.27 0 3 1.02237
6 16 154.702 0 3 1.02321
7 16 155.288 0 3 1.02435
8 16 156.081 0 3 1.02589
9 16 157.151 0 3 1.02794
6 1 171.443 0 3 1.04645
0 17 153.289 0 3 1.02042
10 17 157.772 0 3 1.02928
11 17 159.348 0 3 1.03242
12 17 161.35 0 3 1.03655
13 17 163.757 0 3 1.0419
14 17 166.358 0 3 1.04871
15 17 168.545 0 3 1.05716
16 17 169.099 0 3 1.06722
17 17 166.281 0 3 1.07851
18 17 158.904 0 3 1.09
19 17 148.579 0 3 1.09983
1 17 153.37 0 3 1.02059
20 17 141.044 0 3 1.10552
21 17 144.15 0 3 1.10482
22 17 166.947 0 3 1.0974
23 17 221.952 0 3 1.08589
24 17 304.24 0 3 1.07485
25 17 373.384 0 3 1.0674
26 17 353.879 0 3 1.06348
27 17 246.164 0 3 1.06327
28 17 195.848 0 3 1.06694
29 17 317.857 0 3 1.07094
2 17 153.481 0 3 1.02081
30 17 419.492 0 3 1.07277
31 17 390.521 0 3 1.07291
32 17 205.478 0 3 1.07185
33 17 283.612 0 3 1.07056
34 17 341.004 0 3 1.06999
35 17 196.913 0 3 1.072
36 17 251.815 0 3 1.07123
37 17 200.703 0 3 1.07072
38 17 179.428 0 3 1.07151
39 17 209.372 0 3 1.0711
3 17 153.631 0 3 1.02111
40 17 164.382 0 3 1.07085
41 17 160.164 0 3 1.07113
42 17 183.398 0 3 1.07104
43 17 172.411 0 3 1.07096
44 17 169.941 0 3 1.07113
45 17 154.213 0 3 1.07122
46 17 179.5 0 3 1.07106
47 17 172.461 0 3 1.07098
48 17 164.492 0 3 1.07106
49 17 167.915 0 3 1.07121
4 17 153.834 0 3 1.02151
50 17 163.76 0 3 1.07115
5 17 154.109 0 3 1.02206
6 17 154.48 0 3 1.02279
7 17 154.983 0 3 1.02379
8 17 155.659 0 3 1.02512
9 17 156.567 0 3 1.0269
7 1 180.829 0 3 1.05606
0 18 153.259 0 3 1.02037
10 18 157.089 0 3 1.02806
11 18 158.406 0 3 1.03079
12 18 160.058 0 3 1.03438
13 18 162.012 0 3 1.03901
14 18 164.072 0 3 1.0449
15 18 165.719 0 3 1.05219
16 18 165.943 0 3 1.06086
17 18 163.324 0 3 1.07055
18 18 156.864 0 3 1.0804
19 18 147.753 0 3 1.08881
1 18 153.33 0 3 1.02051
20 18 140.615 0 3 1.09367
21 18 142.327 0 3 1.09309
22 18 161.225 0 3 1.08675
23 18 207.507 0 3 1.07688
24 18 275.615 0 3 1.06741
25 18 330.742 0 3 1.06101
26 18 311.094 0 3 1.05766
27 18 216.612 0 3 1.05748
28 18 169.503 0 3 1.06063
29 18 275.008 0 3 1.06407
2 18 153.426 0 3 1.0207
30 18 360.899 0 3 1.06565
31 18 340.434 0 3 1.06577
32 18 180.55 0 3 1.06485
33 18 251.773 0 3 1.06375
34 18 302.576 0 3 1.06325
35 18 180.929 0 3 1.06499
36 18 229.868 0 3 1.06433
37 18 188.432 0 3 1.06389
38 18 172.063 0 3 1.06457
39 18 198.314 0 3 1.06421
3 18 153.556 0 3 1.02096
40 18 160.816 0 3 1.064
41 18 157.794 0 3 1.06424
42 18 178.255 0 3 1.06416
43 18 169.204 0 3 1.06409
44 18 167.172 0 3 1.06424
45 18 153.739 0 3 1.06432
46 18 175.619 0 3 1.06418
47 18 169.555 0 3 1.06412
48 18 162.824 0 3 1.06418
49 18 165.738 0 3 1.06431
4 18 153.732 0 3 1.02131
50 18 162.204 0 3 1.06426
5 18 153.969 0 3 1.02179
6 18 154.29 0 3 1.02243
7 18 154.721 0 3 1.02329
8 18 155.3 0 3 1.02445
9 18 156.071 0 3 1.026
8 1 196.249 0 3 1.06926
0 19 153.233 0 3 1.02031
10 19 156.512 0 3 1.02701
11 19 157.618 0 3 1.02938
12 19 158.99 0 3 1.03249
13 19 160.587 0 3 1.03651
14 19 162.231 0 3 1.04161
15 19 163.479 0 3 1.04791
16 19 163.489 0 3 1.05538
17 19 161.094 0 3 1.06372
18 19 155.448 0 3 1.07218
19 19 147.436 0 3 1.07939
1 19 153.295 0 3 1.02044
20 19 140.819 0 3 1.08356
21 19 141.601 0 3 1.08307
22 19 157.346 0 3 1.07764
23 19 196.428 0 3 1.06917
24 19 253.134 0 3 1.06102
25 19 297.405 0 3 1.05552
26 19 278.388 0 3 1.05264
27 19 195.638 0 3 1.05249
28 19 152.226 0 3 1.0552
29 19 243.533 0 3 1.05816
2 19 153.378 0 3 1.0206
30 19 316.399 0 3 1.05952
31 19 302.022 0 3 1.05963
32 19 163.748 0 3 1.05884
33 19 228.096 0 3 1.05789
34 19 272.923 0 3 1.05745
35 19 169.788 0 3 1.05896
36 19 213.233 0 3 1.05839
37 19 179.387 0 3 1.05801
38 19 166.718 0 3 1.05859
39 19 189.695 0 3 1.05829
3 19 153.491 0 3 1.02083
40 19 158.279 0 3 1.0581
41 19 156.121 0 3 1.05831
42 19 174.102 0 3 1.05824
43 19 166.598 0 3 1.05819
44 19 164.917 0 3 1.05831
45 19 153.415 0 3 1.05838
46 19 172.363 0 3 1.05826
47 19 167.13 0 3 1.0582
48 19 161.422 0 3 1.05826
49 19 163.911 0 3 1.05837
4 19 153.643 0 3 1.02114
50 19 160.896 0 3 1.05833
5 19 153.849 0 3 1.02155
6 19 154.125 0 3 1.02211
7 19 154.497 0 3 1.02286
8 19 154.993 0 3 1.02387
9 19 155.651 0 3 1.02522
9 1 222.613 0 3 1.08745
0 20 153.211 0 3 1.02027
10 20 156.024 0 3 1.02609
11 20 156.957 0 3 1.02816
12 20 158.101 0 3 1.03086
13 20 159.414 0 3 1.03434
14 20 160.737 0 3 1.03876
15 20 161.688 0 3 1.04421
16 20 161.564 0 3 1.05066
17 20 159.398 0 3 1.05785
18 20 154.469 0 3 1.06512
19 20 147.442 0 3 1.07132
1 20 153.264 0 3 1.02038
20 20 141.397 0 3 1.07491
21 20 141.569 0 3 1.07449
22 20 154.747 0 3 1.06983
23 20 187.857 0 3 1.06254
24 20 235.32 0 3 1.05552
25 20 271.12 0 3 1.05078
26 20 253.181 0 3 1.04831
27 20 180.792 0 3 1.04818
28 20 141.243 0 3 1.05052
29 20 220.32 0 3 1.05306
2 20 153.337 0 3 1.02052
30 20 282.346 0 3 1.05425
31 20 272.331 0 3 1.05434
32 20 152.646 0 3 1.05365
33 20 210.392 0 3 1.05284
34 20 249.848 0 3 1.05246
35 20 162.09 0 3 1.05376
36 20 200.532 0 3 1.05327
37 20 172.695 0 3 1.05294
38 20 162.833 0 3 1.05344
39 20 182.92 0 3 1.05318
3 20 153.434 0 3 1.02072
40 20 156.479 0 3 1.05302
41 20 154.946 0 3 1.0532
42 20 170.721 0 3 1.05314
43 20 164.466 0 3 1.05309
44 20 163.067 0 3 1.0532
45 20 153.196 0 3 1.05326
46 20 169.616 0 3 1.05316
47 20 165.095 0 3 1.05311
48 20 160.239 0 3 1.05316
49 20 162.371 0 3 1.05326
4 20 153.567 0 3 1.02099
50 20 159.791 0 3 1.05321
5 20 153.744 0 3 1.02135
6 20 153.984 0 3 1.02183
7 20 154.304 0 3 1.02249
8 20 154.73 0 3 1.02336
9 20 155.292 0 3 1.02453
0 2 154.981 0 3 1.02363
10 2 242.101 0 3 1.09966
0 21 153.191 0 3 1.02023
10 21 155.61 0 3 1.0253
11 21 156.399 0 3 1.02709
12 21 157.358 0 3 1.02944
13 21 158.445 0 3 1.03246
14 21 159.516 0 3 1.03629
15 21 160.244 0 3 1.04101
16 21 160.041 0 3 1.04659
17 21 158.097 0 3 1.05279
18 21 153.798 0 3 1.05906
19 21 147.646 0 3 1.0644
11 2 304.136 0 3 1.12946
1 21 153.238 0 3 1.02032
20 21 142.182 0 3 1.06748
21 21 141.962 0 3 1.06713
22 21 153.039 0 3 1.06312
23 21 181.175 0 3 1.05684
24 21 221.088 0 3 1.05078
25 21 250.226 0 3 1.04669
26 21 233.603 0 3 1.04456
27 21 170.333 0 3 1.04446
28 21 134.614 0 3 1.04647
29 21 203.145 0 3 1.04867
12 2 421.1 0 3 1.17106
2 21 153.3 0 3 1.02045
30 21 256.097 0 3 1.04969
31 21 249.209 0 3 1.04977
32 21 145.536 0 3 1.04918
33 21 197.085 0 3 1.04848
34 21 231.748 0 3 1.04815
35 21 156.84 0 3 1.04927
36 21 190.767 0 3 1.04885
37 21 167.729 0 3 1.04857
38 21 160.007 0 3 1.049
39 21 177.553 0 3 1.04877
13 2 652.128 0 3 1.22967
3 21 153.386 0 3 1.02062
40 21 155.207 0 3 1.04863
41 21 154.127 0 3 1.04879
42 21 167.949 0 3 1.04874
43 21 162.708 0 3 1.0487
44 21 161.539 0 3 1.04879
45 21 153.051 0 3 1.04884
46 21 167.29 0 3 1.04876
47 21 163.379 0 3 1.04871
48 21 159.235 0 3 1.04875
49 21 161.066 0 3 1.04884
14 2 1127.41 0 3 1.31305
4 21 153.5 0 3 1.02085
50 21 158.855 0 3 1.0488
15 2 2116.65 0 3 1.4327
5 21 153.654 0 3 1.02117
16 2 4013.76 0 3 1.60456
6 21 153.861 0 3 1.02159
17 2 6728.38 0 3 1.84603
7 21 154.137 0 3 1.02216
18 2 9479.98 0 3 2.16081
8 21 154.504 0 3 1.02292
19 2 14086.9 0 3 2.4976
9 21 154.986 0 3 1.02394
1 2 155.712 0 3 1.02494
20 2 23033.1 0 3 2.69404
0 22 153.174 0 3 1.0202
10 22 155.257 0 3 1.02461
11 22 155.926 0 3 1.02617
12 22 156.734 0 3 1.0282
13 22 157.638 0 3 1.03083
14 22 158.511 0 3 1.03415
15 22 159.073 0 3 1.03824
16 22 158.826 0 3 1.04307
17 22 157.091 0 3 1.04843
18 22 153.344 0 3 1.05384
19 22 147.965 0 3 1.05844
21 2 31269 0 3 2.59292
1 22 153.214 0 3 1.02028
20 22 143.064 0 3 1.0611
21 22 142.602 0 3 1.0608
22 22 151.951 0 3 1.05735
23 22 175.925 0 3 1.05192
24 22 209.63 0 3 1.04669
25 22 233.491 0 3 1.04316
26 22 218.285 0 3 1.04132
27 22 163.023 0 3 1.04123
28 22 130.975 0 3 1.04298
29 22 190.401 0 3 1.04487
22 2 28353 0 3 2.33172
2 22 153.269 0 3 1.02039
30 22 235.723 0 3 1.04576
31 22 231.073 0 3 1.04583
32 22 141.21 0 3 1.04531
33 22 187.035 0 3 1.04471
34 22 217.44 0 3 1.04442
35 22 153.33 0 3 1.04539
36 22 183.207 0 3 1.04503
37 22 164.034 0 3 1.04478
38 22 157.953 0 3 1.04516
39 22 173.269 0 3 1.04496
23 2 22351.1 0 3 2.05697
3 22 153.343 0 3 1.02054
40 22 154.316 0 3 1.04484
41 22 153.564 0 3 1.04498
42 22 165.662 0 3 1.04494
43 22 161.251 0 3 1.0449
44 22 160.27 0 3 1.04498
45 22 152.958 0 3 1.04503
46 22 165.313 0 3 1.04495
47 22 161.927 0 3 1.04491
48 22 158.382 0 3 1.04495
49 22 159.957 0 3 1.04502
24 2 27510.6 0 3 1.76289
4 22 153.443 0 3 1.02074
50 22 158.058 0 3 1.04499
25 2 38370 0 3 1.59106
5 22 153.576 0 3 1.02101
26 2 46755 0 3 1.50371
6 22 153.755 0 3 1.02138
27 2 48485.1 0 3 1.50501
7 22 153.994 0 3 1.02188
28 2 59163.4 0 3 1.57746
8 22 154.31 0 3 1.02254
29 2 61933.2 0 3 1.65297
9 22 154.723 0 3 1.02343
2 2 156.744 0 3 1.02672
30 2 67622.2 0 3 1.68276
0 23 153.159 0 3 1.02017
10 23 154.955 0 3 1.02401
11 23 155.525 0 3 1.02536
12 23 156.207 0 3 1.02713
13 23 156.963 0 3 1.02941
14 23 157.679 0 3 1.0323
15 23 158.115 0 3 1.03584
16 23 157.848 0 3 1.04002
17 23 156.308 0 3 1.04466
18 23 153.043 0 3 1.04934
19 23 148.345 0 3 1.05331
31 2 45758.5 0 3 1.68794
1 23 153.194 0 3 1.02024
20 23 143.973 0 3 1.05561
21 23 143.374 0 3 1.05535
22 23 151.291 0 3 1.05237
23 23 171.77 0 3 1.04768
24 23 200.338 0 3 1.04316
25 23 219.991 0 3 1.0401
26 23 206.212 0 3 1.03852
27 23 157.971 0 3 1.03844
28 23 129.365 0 3 1.03995
29 23 180.923 0 3 1.04159
32 2 44941.1 0 3 1.66419
2 23 153.242 0 3 1.02033
30 23 219.802 0 3 1.04236
31 23 216.747 0 3 1.04242
32 23 138.808 0 3 1.04197
33 23 179.409 0 3 1.04145
34 23 206.048 0 3 1.0412
35 23 151.05 0 3 1.04204
36 23 177.317 0 3 1.04172
37 23 161.279 0 3 1.04151
38 23 156.463 0 3 1.04184
39 23 169.826 0 3 1.04167
33 2 37585.1 0 3 1.63297
3 23 153.306 0 3 1.02046
40 23 153.699 0 3 1.04157
41 23 153.183 0 3 1.04168
42 23 163.763 0 3 1.04165
43 23 160.036 0 3 1.04161
44 23 159.209 0 3 1.04168
45 23 152.902 0 3 1.04172
46 23 163.626 0 3 1.04166
47 23 160.694 0 3 1.04162
48 23 157.654 0 3 1.04165
49 23 159.011 0 3 1.04172
34 2 34753.2 0 3 1.63247
4 23 153.393 0 3 1.02064
50 23 157.377 0 3 1.04169
35 2 23022.1 0 3 1.66769
5 23 153.509 0 3 1.02088
36 2 21386.8 0 3 1.64884
6 23 153.664 0 3 1.0212
37 2 12841.4 0 3 1.63941
7 23 153.87 0 3 1.02163
38 2 8875.89 0 3 1.65336
8 23 154.143 0 3 1.02221
39 2 7493.08 0 3 1.64497
9 23 154.498 0 3 1.02298
3 2 158.218 0 3 1.02913
40 2 4923.56 0 3 1.64053
0 24 153.146 0 3 1.02014
10 24 154.697 0 3 1.02348
11 24 155.184 0 3 1.02466
12 24 155.762 0 3 1.0262
13 24 156.396 0 3 1.02818
14 24 156.987 0 3 1.03069
15 24 157.327 0 3 1.03376
16 24 157.057 0 3 1.03738
17 24 155.694 0 3 1.0414
18 24 152.85 0 3 1.04545
19 24 148.749 0 3 1.04888
41 2 3006.96 0 3 1.64461
1 24 153.177 0 3 1.0202
20 24 144.867 0 3 1.05087
21 24 144.2 0 3 1.05065
22 24 150.926 0 3 1.04807
23 24 168.459 0 3 1.04402
24 24 192.753 0 3 1.0401
25 24 209.027 0 3 1.03746
26 24 196.632 0 3 1.03609
27 24 154.537 0 3 1.03602
28 24 129.108 0 3 1.03733
29 24 173.861 0 3 1.03875
42 2 2387.28 0 3 1.64233
2 24 153.218 0 3 1.02029
30 24 207.277 0 3 1.03941
31 24 205.354 0 3 1.03946
32 24 137.722 0 3 1.03908
33 24 173.597 0 3 1.03863
34 24 196.913 0 3 1.03841
35 24 149.638 0 3 1.03914
36 24 172.698 0 3 1.03886
37 24 159.22 0 3 1.03868
38 24 155.385 0 3 1.03896
39 24 167.039 0 3 1.03882
43 2 1415.85 0 3 1.64067
3 24 153.274 0 3 1.0204
40 24 153.277 0 3 1.03873
41 24 152.932 0 3 1.03883
42 24 162.178 0 3 1.0388
43 24 159.018 0 3 1.03877
44 24 158.318 0 3 1.03883
45 24 152.871 0 3 1.03886
46 24 162.185 0 3 1.03881
47 24 159.642 0 3 1.03878
48 24 157.031 0 3 1.0388
49 24 158.202 0 3 1.03886
44 2 1262.83 0 3 1.64373
4 24 153.349 0 3 1.02055
50 24 156.795 0 3 1.03884
45 2 825.179 0 3 1.64536
5 24 153.45 0 3 1.02076
46 2 1013.28 0 3 1.64246
6 24 153.584 0 3 1.02104
47 2 873.908 0 3 1.64095
7 24 153.763 0 3 1.02141
48 2 543.853 0 3 1.64232
8 24 153.998 0 3 1.02192
49 2 652.235 0 3 1.64517
9 24 154.305 0 3 1.02259
4 2 160.358 0 3 1.03241
50 2 518.519 0 3 1.64404
0 25 153.135 0 3 1.02012
10 25 154.475 0 3 1.02303
11 25 154.892 0 3 1.02405
12 25 155.384 0 3 1.02539
13 25 155.919 0 3 1.02711
14 25 156.409 0 3 1.02929
15 25 156.675 0 3 1.03196
16 25 156.412 0 3 1.0351
17 25 155.209 0 3 1.03858
18 25 152.733 0 3 1.04208
19 25 149.155 0 3 1.04505
1 25 153.162 0 3 1.02017
20 25 145.719 0 3 1.04677
21 25 145.031 0 3 1.04659
22 25 150.762 0 3 1.04436
23 25 165.803 0 3 1.04085
24 25 186.522 0 3 1.03745
25 25 200.065 0 3 1.03516
26 25 188.979 0 3 1.03398
27 25 152.259 0 3 1.03392
28 25 129.729 0 3 1.03505
29 25 168.592 0 3 1.03628
2 25 153.198 0 3 1.02024
30 25 197.361 0 3 1.03686
31 25 196.234 0 3 1.03691
32 25 137.519 0 3 1.03657
33 25 169.148 0 3 1.03618
34 25 189.539 0 3 1.03599
35 25 148.833 0 3 1.03662
36 25 169.052 0 3 1.03639
37 25 157.68 0 3 1.03623
38 25 154.608 0 3 1.03647
39 25 164.77 0 3 1.03634
3 25 153.246 0 3 1.02034
40 25 152.997 0 3 1.03627
41 25 152.773 0 3 1.03636
42 25 160.85 0 3 1.03633
43 25 158.161 0 3 1.0363
44 25 157.567 0 3 1.03636
45 25 152.858 0 3 1.03639
46 25 160.949 0 3 1.03634
47 25 158.743 0 3 1.03631
48 25 156.497 0 3 1.03633
49 25 157.509 0 3 1.03638
4 25 153.311 0 3 1.02048
50 25 156.295 0 3 1.03636
5 25 153.399 0 3 1.02066
6 25 153.515 0 3 1.0209
7 25 153.67 0 3 1.02123
8 25 153.874 0 3 1.02166
9 25 154.138 0 3 1.02225
5 2 163.524 0 3 1.03687
0 26 153.125 0 3 1.0201
10 26 154.284 0 3 1.02263
11 26 154.642 0 3 1.02352
12 26 155.062 0 3 1.02469
13 26 155.514 0 3 1.02618
14 26 155.923 0 3 1.02807
15 26 156.132 0 3 1.03039
16 26 155.883 0 3 1.03312
17 26 154.824 0 3 1.03614
18 26 152.667 0 3 1.03917
19 26 149.547 0 3 1.04175
1 26 153.148 0 3 1.02014
20 26 146.515 0 3 1.04323
21 26 145.836 0 3 1.04307
22 26 150.731 0 3 1.04115
23 26 163.658 0 3 1.0381
24 26 181.375 0 3 1.03516
25 26 192.697 0 3 1.03317
26 26 182.825 0 3 1.03215
27 26 150.803 0 3 1.0321
28 26 130.896 0 3 1.03308
29 26 164.655 0 3 1.03415
2 26 153.18 0 3 1.02021
30 26 189.461 0 3 1.03465
31 26 188.888 0 3 1.03469
32 26 137.893 0 3 1.0344
33 26 165.727 0 3 1.03406
34 26 183.549 0 3 1.03389
35 26 148.445 0 3 1.03444
36 26 166.157 0 3 1.03424
37 26 156.526 0 3 1.0341
38 26 154.052 0 3 1.03431
39 26 162.91 0 3 1.0342
3 26 153.222 0 3 1.02029
40 26 152.816 0 3 1.03413
41 26 152.679 0 3 1.03421
42 26 159.73 0 3 1.03419
43 26 157.437 0 3 1.03417
44 26 156.931 0 3 1.03421
45 26 152.856 0 3 1.03424
46 26 159.887 0 3 1.03419
47 26 157.973 0 3 1.03417
48 26 156.037 0 3 1.03419
49 26 156.914 0 3 1.03423
4 26 153.279 0 3 1.02041
50 26 155.866 0 3 1.03422
5 26 153.355 0 3 1.02057
6 26 153.456 0 3 1.02078
7 26 153.59 0 3 1.02106
8 26 153.766 0 3 1.02144
9 26 153.994 0 3 1.02195
6 2 168.318 0 3 1.04294
0 27 153.117 0 3 1.02008
10 27 154.12 0 3 1.02229
11 27 154.428 0 3 1.02306
12 27 154.787 0 3 1.02407
13 27 155.171 0 3 1.02538
14 27 155.513 0 3 1.02702
15 27 155.679 0 3 1.02903
16 27 155.446 0 3 1.0314
17 27 154.516 0 3 1.03402
18 27 152.637 0 3 1.03665
19 27 149.917 0 3 1.03888
1 27 153.137 0 3 1.02012
20 27 147.248 0 3 1.04017
21 27 146.597 0 3 1.04003
22 27 150.788 0 3 1.03836
23 27 161.916 0 3 1.03572
24 27 177.099 0 3 1.03317
25 27 186.605 0 3 1.03145
26 27 177.847 0 3 1.03056
27 27 149.927 0 3 1.03052
28 27 132.375 0 3 1.03137
29 27 161.711 0 3 1.03229
2 27 153.164 0 3 1.02018
30 27 183.128 0 3 1.03273
31 27 182.933 0 3 1.03276
32 27 138.628 0 3 1.03251
33 27 163.085 0 3 1.03222
34 27 178.653 0 3 1.03207
35 27 148.342 0 3 1.03255
36 27 163.844 0 3 1.03237
37 27 155.661 0 3 1.03225
38 27 153.657 0 3 1.03244
39 27 161.377 0 3 1.03234
3 27 153.201 0 3 1.02025
40 27 152.706 0 3 1.03228
41 27 152.629 0 3 1.03235
42 27 158.784 0 3 1.03233
43 27 156.823 0 3 1.03231
44 27 156.391 0 3 1.03235
45 27 152.861 0 3 1.03237
46 27 158.974 0 3 1.03234
47 27 157.312 0 3 1.03232
48 27 155.642 0 3 1.03233
49 27 156.401 0 3 1.03237
4 27 153.25 0 3 1.02035
50 27 155.496 0 3 1.03236
5 27 153.316 0 3 1.02049
6 27 153.404 0 3 1.02067
7 27 153.52 0 3 1.02092
8 27 153.673 0 3 1.02125
9 27 153.87 0 3 1.0217
7 2 175.78 0 3 1.05124
0 28 153.109 0 3 1.02007
10 28 153.979 0 3 1.02199
11 28 154.243 0 3 1.02266
12 28 154.551 0 3 1.02354
13 28 154.878 0 3 1.02468
14 28 155.166 0 3 1.0261
15 28 155.298 0 3 1.02785
16 28 155.084 0 3 1.02991
17 28 154.267 0 3 1.03218
18 28 152.632 0 3 1.03447
19 28 150.261 0 3 1.0364
1 28 153.127 0 3 1.0201
20 28 147.914 0 3 1.03752
21 28 147.303 0 3 1.0374
22 28 150.899 0 3 1.03595
23 28 160.491 0 3 1.03366
24 28 173.529 0 3 1.03145
25 28 181.542 0 3 1.02995
26 28 173.794 0 3 1.02918
27 28 149.456 0 3 1.02914
28 28 134.01 0 3 1.02988
29 28 159.509 0 3 1.03069
2 28 153.151 0 3 1.02015
30 28 178.02 0 3 1.03106
31 28 178.079 0 3 1.03109
32 28 139.574 0 3 1.03087
33 28 161.036 0 3 1.03062
34 28 174.629 0 3 1.03049
35 28 148.426 0 3 1.03091
36 28 161.985 0 3 1.03075
37 28 155.011 0 3 1.03065
38 28 153.379 0 3 1.03081
39 28 160.107 0 3 1.03073
3 28 153.182 0 3 1.02021
40 28 152.645 0 3 1.03068
41 28 152.611 0 3 1.03074
42 28 157.981 0 3 1.03072
43 28 156.3 0 3 1.0307
44 28 155.931 0 3 1.03074
45 28 152.872 0 3 1.03075
46 28 158.187 0 3 1.03072
47 28 156.744 0 3 1.03071
48 28 155.301 0 3 1.03072
49 28 155.96 0 3 1.03075
4 28 153.225 0 3 1.0203
50 28 155.177 0 3 1.03074
5 28 153.283 0 3 1.02042
6 28 153.359 0 3 1.02058
7 28 153.46 0 3 1.0208
8 28 153.592 0 3 1.02109
9 28 153.763 0 3 1.02147
8 2 187.761 0 3 1.06259
0 29 153.103 0 3 1.02005
10 29 153.857 0 3 1.02172
11 29 154.085 0 3 1.02231
12 29 154.349 0 3 1.02308
13 29 154.628 0 3 1.02406
14 29 154.871 0 3 1.02531
15 29 154.977 0 3 1.02683
16 29 154.782 0 3 1.02862
17 29 154.066 0 3 1.03059
18 29 152.642 0 3 1.03257
19 29 150.576 0 3 1.03425
1 29 153.118 0 3 1.02008
20 29 148.516 0 3 1.03522
21 29 147.951 0 3 1.03512
22 29 151.042 0 3 1.03386
23 29 159.321 0 3 1.03187
24 29 170.537 0 3 1.02995
25 29 177.314 0 3 1.02865
26 29 170.477 0 3 1.02798
27 29 149.264 0 3 1.02795
28 29 135.691 0 3 1.02859
29 29 157.861 0 3 1.02929
2 29 153.139 0 3 1.02013
30 29 173.876 0 3 1.02962
31 29 174.099 0 3 1.02964
32 29 140.625 0 3 1.02945
33 29 159.439 0 3 1.02923
34 29 171.303 0 3 1.02912
35 29 148.63 0 3 1.02948
36 29 160.482 0 3 1.02935
37 29 154.523 0 3 1.02926
38 29 153.187 0 3 1.0294
39 29 159.05 0 3 1.02933
3 29 153.167 0 3 1.02018
40 29 152.619 0 3 1.02928
41 29 152.614 0 3 1.02933
42 29 157.298 0 3 1.02932
43 29 155.854 0 3 1.0293
44 29 155.538 0 3 1.02933
45 29 152.885 0 3 1.02935
46 29 157.508 0 3 1.02932
47 29 156.254 0 3 1.02931
48 29 155.007 0 3 1.02932
49 29 155.578 0 3 1.02935
4 29 153.204 0 3 1.02026
50 29 154.902 0 3 1.02934
5 29 153.254 0 3 1.02036
6 29 153.32 0 3 1.0205
7 29 153.408 0 3 1.02069
8 29 153.522 0 3 1.02094
9 29 153.67 0 3 1.02128
9 2 207.68 0 3 1.07818
0 30 153.097 0 3 1.02004
10 30 153.751 0 3 1.0215
11 30 153.948 0 3 1.02201
12 30 154.175 0 3 1.02268
13 30 154.414 0 3 1.02353
14 30 154.62 0 3 1.02461
15 30 154.705 0 3 1.02594
16 30 154.529 0 3 1.02749
17 30 153.902 0 3 1.02921
18 30 152.662 0 3 1.03092
19 30 150.861 0 3 1.03238
1 30 153.11 0 3 1.02007
20 30 149.056 0 3 1.03323
21 30 148.539 0 3 1.03314
22 30 151.2 0 3 1.03205
23 30 158.354 0 3 1.03032
24 30 168.017 0 3 1.02865
25 30 173.769 0 3 1.02752
26 30 167.747 0 3 1.02694
27 30 149.26 0 3 1.02691
28 30 137.348 0 3 1.02747
29 30 156.628 0 3 1.02808
2 30 153.128 0 3 1.0201
30 30 170.496 0 3 1.02836
31 30 170.818 0 3 1.02838
32 30 141.711 0 3 1.02822
33 30 158.188 0 3 1.02803
34 30 168.541 0 3 1.02793
35 30 148.905 0 3 1.02825
36 30 159.26 0 3 1.02813
37 30 154.157 0 3 1.02805
38 30 153.058 0 3 1.02817
39 30 158.166 0 3 1.02811
3 30 153.153 0 3 1.02015
40 30 152.616 0 3 1.02807
41 30 152.63 0 3 1.02811
42 30 156.715 0 3 1.0281
43 30 155.473 0 3 1.02809
44 30 155.202 0 3 1.02811
45 30 152.899 0 3 1.02813
46 30 156.921 0 3 1.0281
47 30 155.831 0 3 1.02809
48 30 154.752 0 3 1.0281
49 30 155.249 0 3 1.02813
4 30 153.185 0 3 1.02022
50 30 154.664 0 3 1.02812
5 30 153.228 0 3 1.02031
6 30 153.286 0 3 1.02043
7 30 153.362 0 3 1.0206
8 30 153.462 0 3 1.02082
9 30 153.59 0 3 1.02111
0 3 154.72 0 3 1.02316
10 3 222.016 0 3 1.08859
0 31 153.092 0 3 1.02003
10 31 153.66 0 3 1.0213
11 31 153.83 0 3 1.02174
12 31 154.026 0 3 1.02232
13 31 154.231 0 3 1.02307
14 31 154.405 0 3 1.02401
15 31 154.475 0 3 1.02516
16 31 154.316 0 3 1.02651
17 31 153.768 0 3 1.028
18 31 152.688 0 3 1.0295
19 31 151.119 0 3 1.03076
11 3 266.318 0 3 1.11384
1 31 153.104 0 3 1.02005
20 31 149.538 0 3 1.03149
21 31 149.069 0 3 1.03142
22 31 151.363 0 3 1.03047
23 31 157.551 0 3 1.02897
24 31 165.887 0 3 1.02752
25 31 170.783 0 3 1.02654
26 31 165.488 0 3 1.02603
27 31 149.378 0 3 1.02601
28 31 138.936 0 3 1.0265
29 31 155.705 0 3 1.02702
12 3 345.699 0 3 1.14875
2 31 153.119 0 3 1.02009
30 31 167.723 0 3 1.02727
31 31 168.1 0 3 1.02729
32 31 142.786 0 3 1.02715
33 31 157.205 0 3 1.02698
34 31 166.236 0 3 1.0269
35 31 149.217 0 3 1.02717
36 31 158.261 0 3 1.02707
37 31 153.881 0 3 1.027
38 31 152.973 0 3 1.0271
39 31 157.423 0 3 1.02705
13 3 492.032 0 3 1.19723
3 31 153.141 0 3 1.02013
40 31 152.628 0 3 1.02702
41 31 152.654 0 3 1.02706
42 31 156.216 0 3 1.02704
43 31 155.146 0 3 1.02703
44 31 154.913 0 3 1.02706
45 31 152.914 0 3 1.02707
46 31 156.413 0 3 1.02705
47 31 155.466 0 3 1.02704
48 31 154.532 0 3 1.02705
49 31 154.964 0 3 1.02707
14 3 765.391 0 3 1.26484
4 31 153.169 0 3 1.02019
50 31 154.458 0 3 1.02706
15 3 1262.12 0 3 1.35919
5 31 153.207 0 3 1.02027
16 3 2056.48 0 3 1.48963
6 31 153.257 0 3 1.02037
17 3 2978.35 0 3 1.66401
7 31 153.323 0 3 1.02051
18 3 3761.72 0 3 1.87804
8 31 153.409 0 3 1.02071
19 3 5192.99 0 3 2.09291
9 31 153.52 0 3 1.02096
1 3 155.346 0 3 1.0243
20 3 8319.33 0 3 2.21639
0 32 153.088 0 3 1.02002
10 32 153.581 0 3 1.02113
11 32 153.728 0 3 1.02151
12 32 153.897 0 3 1.02202
13 32 154.073 0 3 1.02267
14 32 154.222 0 3 1.02349
15 32 154.278 0 3 1.02449
16 32 154.137 0 3 1.02566
17 32 153.657 0 3 1.02696
18 32 152.717 0 3 1.02826
19 32 151.35 0 3 1.02936
21 3 11523.6 0 3 2.16613
1 32 153.098 0 3 1.02004
20 32 149.966 0 3 1.02999
21 32 149.544 0 3 1.02993
22 32 151.524 0 3 1.0291
23 32 156.881 0 3 1.0278
24 32 164.082 0 3 1.02654
25 32 168.259 0 3 1.02569
26 32 163.61 0 3 1.02525
27 32 149.573 0 3 1.02523
28 32 140.427 0 3 1.02565
29 32 155.015 0 3 1.02611
22 3 11136.9 0 3 1.99753
2 32 153.112 0 3 1.02007
30 32 165.436 0 3 1.02632
31 32 165.837 0 3 1.02634
32 32 143.817 0 3 1.02621
33 32 156.428 0 3 1.02607
34 32 164.304 0 3 1.026
35 32 149.545 0 3 1.02623
36 32 157.44 0 3 1.02615
37 32 153.674 0 3 1.02609
38 32 152.92 0 3 1.02618
39 32 156.797 0 3 1.02613
23 3 10016.7 0 3 1.80021
3 32 153.13 0 3 1.02011
40 32 152.65 0 3 1.0261
41 32 152.683 0 3 1.02613
42 32 155.788 0 3 1.02612
43 32 154.865 0 3 1.02612
44 32 154.664 0 3 1.02613
45 32 152.929 0 3 1.02615
46 32 155.973 0 3 1.02613
47 32 155.151 0 3 1.02612
48 32 154.341 0 3 1.02613
49 32 154.718 0 3 1.02614
24 3 14078.8 0 3 1.60406
4 32 153.155 0 3 1.02016
50 32 154.279 0 3 1.02614
25 3 20310.7 0 3 1.48266
5 32 153.187 0 3 1.02023
26 3 24904 0 3 1.41827
6 32 153.231 0 3 1.02032
27 3 25632 0 3 1.41738
7 32 153.289 0 3 1.02044
28 3 30694 0 3 1.47138
8 32 153.364 0 3 1.02061
29 3 32092.9 0 3 1.5287
9 32 153.46 0 3 1.02083
2 3 156.224 0 3 1.02584
30 3 35404.9 0 3 1.55094
0 33 153.084 0 3 1.02001
10 33 153.513 0 3 1.02098
11 33 153.64 0 3 1.02131
12 33 153.786 0 3 1.02175
13 33 153.937 0 3 1.02232
14 33 154.064 0 3 1.02303
15 33 154.111 0 3 1.0239
16 33 153.985 0 3 1.02492
17 33 153.565 0 3 1.02605
18 33 152.747 0 3 1.02718
19 33 151.556 0 3 1.02813
31 3 25289.2 0 3 1.55323
1 33 153.093 0 3 1.02003
20 33 150.346 0 3 1.02869
21 33 149.968 0 3 1.02863
22 33 151.679 0 3 1.02791
23 33 156.319 0 3 1.02678
24 33 162.546 0 3 1.02568
25 33 166.12 0 3 1.02494
26 33 162.042 0 3 1.02456
27 33 149.811 0 3 1.02455
28 33 141.807 0 3 1.02491
29 33 154.5 0 3 1.02531
32 3 24214.7 0 3 1.53785
2 33 153.105 0 3 1.02006
30 33 163.541 0 3 1.0255
31 33 163.946 0 3 1.02551
32 33 144.788 0 3 1.0254
33 33 155.81 0 3 1.02528
34 33 162.678 0 3 1.02521
35 33 149.871 0 3 1.02542
36 33 156.761 0 3 1.02534
37 33 153.519 0 3 1.02529
38 33 152.889 0 3 1.02537
39 33 156.267 0 3 1.02533
33 3 20625.3 0 3 1.51554
3 33 153.121 0 3 1.02009
40 33 152.678 0 3 1.02531
41 33 152.714 0 3 1.02533
42 33 155.421 0 3 1.02533
43 33 154.624 0 3 1.02532
44 33 154.451 0 3 1.02533
45 33 152.943 0 3 1.02534
46 33 155.593 0 3 1.02533
47 33 154.878 0 3 1.02532
48 33 154.176 0 3 1.02533
49 33 154.504 0 3 1.02534
34 3 19315.1 0 3 1.51375
4 33 153.142 0 3 1.02013
50 33 154.125 0 3 1.02534
35 3 12927.5 0 3 1.53992
5 33 153.171 0 3 1.02019
36 3 12086.7 0 3 1.52682
6 33 153.209 0 3 1.02027
37 3 7440.34 0 3 1.51962
7 33 153.259 0 3 1.02038
38 3 5112 0 3 1.53029
8 33 153.324 0 3 1.02053
39 3 4543.46 0 3 1.52405
9 33 153.408 0 3 1.02072
3 3 157.47 0 3 1.02794
40 3 2821.87 0 3 1.52079
0 34 153.081 0 3 1.02001
10 34 153.453 0 3 1.02085
11 34 153.564 0 3 1.02114
12 34 153.69 0 3 1.02152
13 34 153.82 0 3 1.02201
14 34 153.929 0 3 1.02263
15 34 153.967 0 3 1.02339
16 34 153.855 0 3 1.02428
17 34 153.489 0 3 1.02526
18 34 152.776 0 3 1.02624
19 34 151.739 0 3 1.02707
41 3 1828.3 0 3 1.524
1 34 153.089 0 3 1.02002
20 34 150.681 0 3 1.02755
21 34 150.344 0 3 1.0275
22 34 151.824 0 3 1.02688
23 34 155.847 0 3 1.0259
24 34 161.236 0 3 1.02494
25 34 164.299 0 3 1.0243
26 34 160.726 0 3 1.02397
27 34 150.071 0 3 1.02395
28 34 143.071 0 3 1.02427
29 34 154.116 0 3 1.02462
42 3 1554.39 0 3 1.52237
2 34 153.099 0 3 1.02005
30 34 161.964 0 3 1.02478
31 34 162.358 0 3 1.02479
32 34 145.688 0 3 1.0247
33 34 155.317 0 3 1.02459
34 34 161.305 0 3 1.02453
35 34 150.187 0 3 1.02471
36 34 156.198 0 3 1.02465
37 34 153.402 0 3 1.0246
38 34 152.875 0 3 1.02467
39 34 155.817 0 3 1.02464
43 3 955.879 0 3 1.52117
3 34 153.113 0 3 1.02007
40 34 152.708 0 3 1.02461
41 34 152.745 0 3 1.02464
42 34 155.105 0 3 1.02463
43 34 154.416 0 3 1.02462
44 34 154.266 0 3 1.02464
45 34 152.956 0 3 1.02465
46 34 155.263 0 3 1.02463
47 34 154.641 0 3 1.02463
48 34 154.033 0 3 1.02463
49 34 154.319 0 3 1.02465
44 3 852.185 0 3 1.52348
4 34 153.132 0 3 1.02011
50 34 153.991 0 3 1.02464
45 3 543.918 0 3 1.52471
5 34 153.156 0 3 1.02016
46 3 734.308 0 3 1.52254
6 34 153.189 0 3 1.02023
47 3 634.469 0 3 1.52141
7 34 153.233 0 3 1.02033
48 3 412.543 0 3 1.52243
8 34 153.29 0 3 1.02045
49 3 487.415 0 3 1.52458
9 34 153.362 0 3 1.02062
4 3 159.262 0 3 1.03078
50 3 394.472 0 3 1.52372
0 35 153.078 0 3 1.02
10 35 153.402 0 3 1.02073
11 35 153.497 0 3 1.02099
12 35 153.607 0 3 1.02132
13 35 153.719 0 3 1.02175
14 35 153.812 0 3 1.02229
15 35 153.844 0 3 1.02295
16 35 153.745 0 3 1.02372
17 35 153.425 0 3 1.02457
18 35 152.805 0 3 1.02543
19 35 151.901 0 3 1.02615
1 35 153.085 0 3 1.02002
20 35 150.977 0 3 1.02657
21 35 150.678 0 3 1.02652
22 35 151.959 0 3 1.02598
23 35 155.449 0 3 1.02513
24 35 160.116 0 3 1.0243
25 35 162.747 0 3 1.02374
26 35 159.619 0 3 1.02345
27 35 150.336 0 3 1.02344
28 35 144.217 0 3 1.02371
29 35 153.83 0 3 1.02401
2 35 153.094 0 3 1.02003
30 35 160.645 0 3 1.02416
31 35 161.019 0 3 1.02417
32 35 146.512 0 3 1.02408
33 35 154.922 0 3 1.02399
34 35 160.141 0 3 1.02394
35 35 150.485 0 3 1.0241
36 35 155.729 0 3 1.02404
37 35 153.314 0 3 1.024
38 35 152.871 0 3 1.02406
39 35 155.434 0 3 1.02403
3 35 153.106 0 3 1.02006
40 35 152.739 0 3 1.02401
41 35 152.776 0 3 1.02403
42 35 154.832 0 3 1.02403
43 35 154.236 0 3 1.02402
44 35 154.107 0 3 1.02403
45 35 152.968 0 3 1.02404
46 35 154.976 0 3 1.02403
47 35 154.436 0 3 1.02402
48 35 153.909 0 3 1.02403
49 35 154.158 0 3 1.02404
4 35 153.122 0 3 1.02009
50 35 153.874 0 3 1.02403
5 35 153.144 0 3 1.02014
6 35 153.173 0 3 1.0202
7 35 153.21 0 3 1.02028
8 35 153.26 0 3 1.02039
9 35 153.323 0 3 1.02054
5 3 161.883 0 3 1.03465
0 36 153.076 0 3 1.02
10 36 153.357 0 3 1.02063
11 36 153.44 0 3 1.02086
12 36 153.535 0 3 1.02115
13 36 153.632 0 3 1.02152
14 36 153.712 0 3 1.02199
15 36 153.738 0 3 1.02256
16 36 153.651 0 3 1.02323
17 36 153.372 0 3 1.02398
18 36 152.831 0 3 1.02472
19 36 152.044 0 3 1.02535
1 36 153.082 0 3 1.02001
20 36 151.237 0 3 1.02571
21 36 150.972 0 3 1.02567
22 36 152.082 0 3 1.0252
23 36 155.111 0 3 1.02446
24 36 159.157 0 3 1.02374
25 36 161.42 0 3 1.02325
26 36 158.683 0 3 1.023
27 36 150.596 0 3 1.02299
28 36 145.251 0 3 1.02323
29 36 153.617 0 3 1.02349
2 36 153.089 0 3 1.02003
30 36 159.538 0 3 1.02361
31 36 159.887 0 3 1.02362
32 36 147.261 0 3 1.02355
33 36 154.602 0 3 1.02347
34 36 159.152 0 3 1.02343
35 36 150.762 0 3 1.02356
36 36 155.335 0 3 1.02351
37 36 153.249 0 3 1.02348
38 36 152.875 0 3 1.02353
39 36 155.107 0 3 1.0235
3 36 153.1 0 3 1.02005
40 36 152.769 0 3 1.02349
41 36 152.805 0 3 1.02351
42 36 154.597 0 3 1.0235
43 36 154.081 0 3 1.02349
44 36 153.969 0 3 1.02351
45 36 152.979 0 3 1.02351
46 36 154.728 0 3 1.0235
47 36 154.258 0 3 1.0235
48 36 153.801 0 3 1.0235
49 36 154.019 0 3 1.02351
4 36 153.114 0 3 1.02008
50 36 153.773 0 3 1.02351
5 36 153.133 0 3 1.02012
6 36 153.158 0 3 1.02017
7 36 153.191 0 3 1.02024
8 36 153.234 0 3 1.02034
9 36 153.289 0 3 1.02046
6 3 165.796 0 3 1.03991
0 37 153.074 0 3 1.01999
10 37 153.318 0 3 1.02055
11 37 153.39 0 3 1.02074
12 37 153.472 0 3 1.02099
13 37 153.556 0 3 1.02132
14 37 153.625 0 3 1.02173
15 37 153.647 0 3 1.02223
16 37 153.57 0 3 1.02281
17 37 153.327 0 3 1.02346
18 37 152.856 0 3 1.0241
19 37 152.17 0 3 1.02465
1 37 153.079 0 3 1.02
20 37 151.466 0 3 1.02497
21 37 151.232 0 3 1.02493
22 37 152.194 0 3 1.02452
23 37 154.824 0 3 1.02388
24 37 158.333 0 3 1.02325
25 37 160.283 0 3 1.02282
26 37 157.89 0 3 1.02261
27 37 150.845 0 3 1.0226
28 37 146.177 0 3 1.02281
29 37 153.46 0 3 1.02303
2 37 153.086 0 3 1.02002
30 37 158.605 0 3 1.02314
31 37 158.927 0 3 1.02315
32 37 147.937 0 3 1.02309
33 37 154.344 0 3 1.02302
34 37 158.308 0 3 1.02298
35 37 151.017 0 3 1.0231
36 37 155.005 0 3 1.02305
37 37 153.2 0 3 1.02302
38 37 152.883 0 3 1.02307
39 37 154.827 0 3 1.02305
3 37 153.095 0 3 1.02004
40 37 152.798 0 3 1.02303
41 37 152.832 0 3 1.02305
42 37 154.394 0 3 1.02304
43 37 153.947 0 3 1.02304
44 37 153.85 0 3 1.02305
45 37 152.989 0 3 1.02305
46 37 154.512 0 3 1.02304
47 37 154.104 0 3 1.02304
48 37 153.707 0 3 1.02304
49 37 153.898 0 3 1.02305
4 37 153.107 0 3 1.02006
50 37 153.686 0 3 1.02305
5 37 153.123 0 3 1.0201
6 37 153.145 0 3 1.02014
7 37 153.174 0 3 1.0202
8 37 153.211 0 3 1.02029
9 37 153.259 0 3 1.0204
7 3 171.782 0 3 1.04708
0 38 153.072 0 3 1.01999
10 38 153.285 0 3 1.02047
11 38 153.347 0 3 1.02064
12 38 153.418 0 3 1.02086
13 38 153.491 0 3 1.02114
14 38 153.55 0 3 1.0215
15 38 153.569 0 3 1.02193
16 38 153.501 0 3 1.02244
17 38 153.289 0 3 1.023
18 38 152.879 0 3 1.02357
19 38 152.282 0 3 1.02404
1 38 153.076 0 3 1.02
20 38 151.667 0 3 1.02432
21 38 151.46 0 3 1.02429
22 38 152.295 0 3 1.02393
23 38 154.579 0 3 1.02337
24 38 157.624 0 3 1.02282
25 38 159.307 0 3 1.02245
26 38 157.216 0 3 1.02226
27 38 151.079 0 3 1.02226
28 38 147.003 0 3 1.02244
29 38 153.343 0 3 1.02264
2 38 153.082 0 3 1.02001
30 38 157.816 0 3 1.02273
31 38 158.11 0 3 1.02274
32 38 148.544 0 3 1.02268
33 38 154.133 0 3 1.02262
34 38 157.588 0 3 1.02259
35 38 151.25 0 3 1.02269
36 38 154.726 0 3 1.02265
37 38 153.163 0 3 1.02263
38 38 152.894 0 3 1.02267
39 38 154.588 0 3 1.02265
3 38 153.09 0 3 1.02003
40 38 152.826 0 3 1.02263
41 38 152.858 0 3 1.02265
42 38 154.218 0 3 1.02264
43 38 153.83 0 3 1.02264
44 38 153.747 0 3 1.02265
45 38 152.999 0 3 1.02265
46 38 154.324 0 3 1.02265
47 38 153.97 0 3 1.02264
48 38 153.626 0 3 1.02265
49 38 153.792 0 3 1.02265
4 38 153.101 0 3 1.02005
50 38 153.609 0 3 1.02265
5 38 153.115 0 3 1.02008
6 38 153.134 0 3 1.02012
7 38 153.159 0 3 1.02017
8 38 153.191 0 3 1.02025
9 38 153.233 0 3 1.02034
8 3 181.195 0 3 1.05687
0 39 153.07 0 3 1.01999
10 39 153.255 0 3 1.02041
11 39 153.31 0 3 1.02055
12 39 153.371 0 3 1.02074
13 39 153.434 0 3 1.02099
14 39 153.486 0 3 1.0213
15 39 153.501 0 3 1.02168
16 39 153.442 0 3 1.02212
17 39 153.256 0 3 1.02261
18 39 152.899 0 3 1.0231
19 39 152.379 0 3 1.02351
1 39 153.074 0 3 1.01999
20 39 151.843 0 3 1.02375
21 39 151.661 0 3 1.02373
22 39 152.386 0 3 1.02342
23 39 154.37 0 3 1.02293
24 39 157.014 0 3 1.02245
25 39 158.467 0 3 1.02213
26 39 156.641 0 3 1.02197
27 39 151.295 0 3 1.02196
28 39 147.738 0 3 1.02212
29 39 153.258 0 3 1.02229
2 39 153.079 0 3 1.02
30 39 157.147 0 3 1.02237
31 39 157.413 0 3 1.02238
32 39 149.085 0 3 1.02233
33 39 153.96 0 3 1.02228
34 39 156.971 0 3 1.02225
35 39 151.459 0 3 1.02234
36 39 154.49 0 3 1.02231
37 39 153.135 0 3 1.02228
38 39 152.906 0 3 1.02232
39 39 154.382 0 3 1.0223
3 39 153.086 0 3 1.02002
40 39 152.852 0 3 1.02229
41 39 152.881 0 3 1.0223
42 39 154.066 0 3 1.0223
43 39 153.73 0 3 1.02229
44 39 153.658 0 3 1.0223
45 39 153.007 0 3 1.02231
46 39 154.162 0 3 1.0223
47 39 153.853 0 3 1.0223
48 39 153.555 0 3 1.0223
49 39 153.701 0 3 1.02231
4 39 153.095 0 3 1.02004
50 39 153.543 0 3 1.0223
5 39 153.108 0 3 1.02006
6 39 153.124 0 3 1.0201
7 39 153.146 0 3 1.02015
8 39 153.174 0 3 1.02021
9 39 153.21 0 3 1.02029
9 3 196.454 0 3 1.07024
0 40 153.069 0 3 1.01998
10 40 153.23 0 3 1.02035
11 40 153.277 0 3 1.02048
12 40 153.331 0 3 1.02064
13 40 153.385 0 3 1.02086
14 40 153.43 0 3 1.02113
15 40 153.443 0 3 1.02146
16 40 153.391 0 3 1.02184
17 40 153.229 0 3 1.02227
18 40 152.918 0 3 1.02269
19 40 152.465 0 3 1.02305
1 40 153.072 0 3 1.01999
20 40 151.997 0 3 1.02326
21 40 151.837 0 3 1.02324
22 40 152.467 0 3 1.02297
23 40 154.192 0 3 1.02255
24 40 156.488 0 3 1.02213
25 40 157.744 0 3 1.02185
26 40 156.149 0 3 1.02171
27 40 151.493 0 3 1.0217
28 40 148.39 0 3 1.02184
29 40 153.195 0 3 1.02199
2 40 153.077 0 3 1.02
30 40 156.577 0 3 1.02206
31 40 156.817 0 3 1.02207
32 40 149.566 0 3 1.02203
33 40 153.818 0 3 1.02198
34 40 156.442 0 3 1.02195
35 40 151.648 0 3 1.02203
36 40 154.289 0 3 1.022
37 40 153.115 0 3 1.02198
38 40 152.919 0 3 1.02201
39 40 154.204 0 3 1.022
3 40 153.083 0 3 1.02001
40 40 152.875 0 3 1.02199
41 40 152.901 0 3 1.022
42 40 153.935 0 3 1.022
43 40 153.643 0 3 1.02199
44 40 153.58 0 3 1.022
45 40 153.014 0 3 1.022
46 40 154.02 0 3 1.022
47 40 153.752 0 3 1.02199
48 40 153.493 0 3 1.022
49 40 153.621 0 3 1.022
4 40 153.091 0 3 1.02003
50 40 153.486 0 3 1.022
5 40 153.102 0 3 1.02005
6 40 153.116 0 3 1.02008
7 40 153.135 0 3 1.02012
8 40 153.159 0 3 1.02018
9 40 153.191 0 3 1.02025
0 4 154.496 0 3 1.02275
10 4 207.171 0 3 1.07915
0 41 153.068 0 3 1.01998
10 41 153.208 0 3 1.0203
11 41 153.249 0 3 1.02041
12 41 153.295 0 3 1.02056
13 41 153.343 0 3 1.02074
14 41 153.381 0 3 1.02098
15 41 153.392 0 3 1.02126
16 41 153.346 0 3 1.0216
17 41 153.205 0 3 1.02197
18 41 152.935 0 3 1.02234
19 41 152.54 0 3 1.02265
11 4 239.455 0 3 1.10064
1 41 153.07 0 3 1.01999
20 41 152.132 0 3 1.02284
21 41 151.992 0 3 1.02282
22 41 152.539 0 3 1.02258
23 41 154.038 0 3 1.02221
24 41 156.033 0 3 1.02185
25 41 157.12 0 3 1.02161
26 41 155.729 0 3 1.02148
27 41 151.672 0 3 1.02148
28 41 148.966 0 3 1.0216
29 41 153.149 0 3 1.02173
12 4 294.832 0 3 1.13009
2 41 153.074 0 3 1.02
30 41 156.091 0 3 1.02179
31 41 156.306 0 3 1.02179
32 41 149.993 0 3 1.02176
33 41 153.701 0 3 1.02172
34 41 155.986 0 3 1.0217
35 41 151.816 0 3 1.02176
36 41 154.118 0 3 1.02174
37 41 153.1 0 3 1.02172
38 41 152.932 0 3 1.02175
39 41 154.052 0 3 1.02174
13 4 391.271 0 3 1.17051
3 41 153.08 0 3 1.02001
40 41 152.896 0 3 1.02173
41 41 152.92 0 3 1.02174
42 41 153.82 0 3 1.02173
43 41 153.567 0 3 1.02173
44 41 153.513 0 3 1.02174
45 41 153.021 0 3 1.02174
46 41 153.897 0 3 1.02173
47 41 153.664 0 3 1.02173
48 41 153.44 0 3 1.02173
49 41 153.552 0 3 1.02174
14 4 558.265 0 3 1.22598
4 41 153.087 0 3 1.02002
50 41 153.435 0 3 1.02174
15 4 832.523 0 3 1.3017
5 41 153.096 0 3 1.02004
16 4 1217.94 0 3 1.40338
6 41 153.109 0 3 1.02007
17 4 1600.98 0 3 1.53439
7 41 153.125 0 3 1.0201
18 4 1873.26 0 3 1.68848
8 41 153.146 0 3 1.02015
19 4 2415.16 0 3 1.83689
9 41 153.174 0 3 1.02021
1 4 155.033 0 3 1.02374
20 4 3749.17 0 3 1.92179
0 42 153.066 0 3 1.01998
10 42 153.189 0 3 1.02026
11 42 153.224 0 3 1.02035
12 42 153.264 0 3 1.02048
13 42 153.306 0 3 1.02064
14 42 153.339 0 3 1.02085
15 42 153.348 0 3 1.0211
16 42 153.308 0 3 1.02139
17 42 153.185 0 3 1.02171
18 42 152.95 0 3 1.02203
19 42 152.606 0 3 1.02231
21 4 5262.76 0 3 1.8935
1 42 153.069 0 3 1.01998
20 42 152.25 0 3 1.02246
21 42 152.127 0 3 1.02245
22 42 152.602 0 3 1.02224
23 42 153.906 0 3 1.02192
24 42 155.64 0 3 1.02161
25 42 156.582 0 3 1.0214
26 42 155.367 0 3 1.02129
27 42 151.834 0 3 1.02128
28 42 149.474 0 3 1.02139
29 42 153.116 0 3 1.0215
22 4 5412.57 0 3 1.77709
2 42 153.072 0 3 1.01999
30 42 155.676 0 3 1.02155
31 42 155.867 0 3 1.02156
32 42 150.371 0 3 1.02153
33 42 153.603 0 3 1.02149
34 42 155.595 0 3 1.02147
35 42 151.967 0 3 1.02153
36 42 153.973 0 3 1.02151
37 42 153.088 0 3 1.0215
38 42 152.945 0 3 1.02152
39 42 153.92 0 3 1.02151
23 4 5455.56 0 3 1.63062
3 42 153.077 0 3 1.02
40 42 152.915 0 3 1.0215
41 42 152.937 0 3 1.02151
42 42 153.721 0 3 1.0215
43 42 153.501 0 3 1.0215
44 42 153.455 0 3 1.02151
45 42 153.027 0 3 1.02151
46 42 153.79 0 3 1.02151
47 42 153.588 0 3 1.0215
48 42 153.393 0 3 1.02151
49 42 153.492 0 3 1.02151
24 4 8215.95 0 3 1.48998
4 42 153.083 0 3 1.02001
50 42 153.392 0 3 1.02151
25 4 12049.5 0 3 1.39997
5 42 153.091 0 3 1.02003
26 4 14627.4 0 3 1.35104
6 42 153.102 0 3 1.02005
27 4 14836.1 0 3 1.34945
7 42 153.117 0 3 1.02008
28 4 17491.8 0 3 1.3908
8 42 153.135 0 3 1.02013
29 4 18466.1 0 3 1.43515
9 42 153.159 0 3 1.02018
2 4 155.783 0 3 1.02508
30 4 20630.3 0 3 1.45256
0 43 153.066 0 3 1.01998
10 43 153.172 0 3 1.02022
11 43 153.203 0 3 1.0203
12 43 153.238 0 3 1.02041
13 43 153.274 0 3 1.02055
14 43 153.302 0 3 1.02073
15 43 153.31 0 3 1.02095
16 43 153.275 0 3 1.02121
17 43 153.168 0 3 1.02149
18 43 152.963 0 3 1.02177
19 43 152.664 0 3 1.022
31 4 15307.9 0 3 1.45388
1 43 153.068 0 3 1.01998
20 43 152.354 0 3 1.02214
21 43 152.246 0 3 1.02213
22 43 152.659 0 3 1.02195
23 43 153.793 0 3 1.02167
24 43 155.3 0 3 1.02139
25 43 156.116 0 3 1.02121
26 43 155.057 0 3 1.02112
27 43 151.979 0 3 1.02111
28 43 149.921 0 3 1.0212
29 43 153.093 0 3 1.0213
32 4 14177.9 0 3 1.44273
2 43 153.071 0 3 1.01999
30 43 155.32 0 3 1.02135
31 43 155.49 0 3 1.02135
32 43 150.704 0 3 1.02133
33 43 153.522 0 3 1.02129
34 43 155.257 0 3 1.02128
35 43 152.1 0 3 1.02133
36 43 153.848 0 3 1.02131
37 43 153.08 0 3 1.0213
38 43 152.957 0 3 1.02132
39 43 153.806 0 3 1.02131
33 4 12286.4 0 3 1.42615
3 43 153.075 0 3 1.02
40 43 152.933 0 3 1.0213
41 43 152.952 0 3 1.02131
42 43 153.635 0 3 1.02131
43 43 153.444 0 3 1.0213
44 43 153.404 0 3 1.02131
45 43 153.032 0 3 1.02131
46 43 153.697 0 3 1.02131
47 43 153.521 0 3 1.0213
48 43 153.353 0 3 1.02131
49 43 153.44 0 3 1.02131
34 4 11683 0 3 1.42393
4 43 153.08 0 3 1.02001
50 43 153.354 0 3 1.02131
35 4 7791.53 0 3 1.4441
5 43 153.087 0 3 1.02002
36 4 7376.28 0 3 1.4345
6 43 153.097 0 3 1.02004
37 4 4610.03 0 3 1.42895
7 43 153.109 0 3 1.02007
38 4 3151.63 0 3 1.43723
8 43 153.125 0 3 1.02011
39 4 2931.41 0 3 1.43249
9 43 153.146 0 3 1.02015
3 4 156.839 0 3 1.0269
40 4 1751.28 0 3 1.42998
0 44 153.065 0 3 1.01998
10 44 153.157 0 3 1.02019
11 44 153.184 0 3 1.02026
12 44 153.215 0 3 1.02036
13 44 153.246 0 3 1.02048
14 44 153.271 0 3 1.02063
15 44 153.277 0 3 1.02082
16 44 153.247 0 3 1.02104
17 44 153.154 0 3 1.02129
18 44 152.975 0 3 1.02153
19 44 152.714 0 3 1.02174
41 4 1183.76 0 3 1.43256
1 44 153.067 0 3 1.01998
20 44 152.444 0 3 1.02186
21 44 152.349 0 3 1.02185
22 44 152.708 0 3 1.02169
23 44 153.695 0 3 1.02145
24 44 155.006 0 3 1.02121
25 44 155.713 0 3 1.02105
26 44 154.789 0 3 1.02097
27 44 152.109 0 3 1.02096
28 44 150.314 0 3 1.02104
29 44 153.076 0 3 1.02113
42 4 1076.52 0 3 1.43135
2 44 153.069 0 3 1.01998
30 44 155.015 0 3 1.02117
31 44 155.165 0 3 1.02117
32 44 150.998 0 3 1.02115
33 44 153.454 0 3 1.02112
34 44 154.965 0 3 1.02111
35 44 152.218 0 3 1.02115
36 44 153.741 0 3 1.02114
37 44 153.074 0 3 1.02113
38 44 152.968 0 3 1.02114
39 44 153.708 0 3 1.02113
43 4 688.201 0 3 1.43045
3 44 153.073 0 3 1.01999
40 44 152.948 0 3 1.02113
41 44 152.965 0 3 1.02113
42 44 153.561 0 3 1.02113
43 44 153.395 0 3 1.02113
44 44 153.36 0 3 1.02113
45 44 153.036 0 3 1.02114
46 44 153.616 0 3 1.02113
47 44 153.464 0 3 1.02113
48 44 153.318 0 3 1.02113
49 44 153.395 0 3 1.02114
44 4 616.113 0 3 1.43223
4 44 153.077 0 3 1.02
50 44 153.321 0 3 1.02113
45 4 391.194 0 3 1.43319
5 44 153.084 0 3 1.02001
46 4 565.196 0 3 1.43151
6 44 153.092 0 3 1.02003
47 4 490.173 0 3 1.43065
7 44 153.103 0 3 1.02006
48 4 334.73 0 3 1.43143
8 44 153.117 0 3 1.02009
49 4 388.572 0 3 1.43308
9 44 153.135 0 3 1.02013
4 4 158.346 0 3 1.02937
50 4 321.723 0 3 1.43242
0 45 153.064 0 3 1.01997
10 45 153.145 0 3 1.02016
11 45 153.168 0 3 1.02022
12 45 153.194 0 3 1.0203
13 45 153.221 0 3 1.02041
14 45 153.243 0 3 1.02055
15 45 153.249 0 3 1.02071
16 45 153.222 0 3 1.02091
17 45 153.141 0 3 1.02112
18 45 152.985 0 3 1.02133
19 45 152.758 0 3 1.02151
1 45 153.066 0 3 1.01998
20 45 152.523 0 3 1.02161
21 45 152.44 0 3 1.0216
22 45 152.752 0 3 1.02147
23 45 153.611 0 3 1.02126
24 45 154.751 0 3 1.02105
25 45 155.365 0 3 1.02091
26 45 154.559 0 3 1.02084
27 45 152.224 0 3 1.02083
28 45 150.66 0 3 1.0209
29 45 153.065 0 3 1.02098
2 45 153.068 0 3 1.01998
30 45 154.752 0 3 1.02101
31 45 154.885 0 3 1.02102
32 45 151.256 0 3 1.021
33 45 153.396 0 3 1.02097
34 45 154.713 0 3 1.02096
35 45 152.322 0 3 1.021
36 45 153.649 0 3 1.02099
37 45 153.069 0 3 1.02098
38 45 152.978 0 3 1.02099
39 45 153.622 0 3 1.02098
3 45 153.071 0 3 1.01999
40 45 152.962 0 3 1.02098
41 45 152.977 0 3 1.02098
42 45 153.496 0 3 1.02098
43 45 153.352 0 3 1.02098
44 45 153.322 0 3 1.02098
45 45 153.04 0 3 1.02099
46 45 153.545 0 3 1.02098
47 45 153.413 0 3 1.02098
48 45 153.287 0 3 1.02098
49 45 153.355 0 3 1.02098
4 45 153.075 0 3 1.02
50 45 153.292 0 3 1.02098
5 45 153.08 0 3 1.02001
6 45 153.088 0 3 1.02002
7 45 153.097 0 3 1.02004
8 45 153.109 0 3 1.02007
9 45 153.125 0 3 1.02011
5 4 160.528 0 3 1.03273
0 46 153.063 0 3 1.01997
10 46 153.133 0 3 1.02013
11 46 153.154 0 3 1.02019
12 46 153.177 0 3 1.02026
13 46 153.2 0 3 1.02035
14 46 153.219 0 3 1.02047
15 46 153.224 0 3 1.02062
16 46 153.201 0 3 1.02078
17 46 153.13 0 3 1.02097
18 46 152.994 0 3 1.02115
19 46 152.796 0 3 1.02131
1 46 153.065 0 3 1.01998
20 46 152.591 0 3 1.0214
21 46 152.519 0 3 1.02139
22 46 152.791 0 3 1.02128
23 46 153.538 0 3 1.02109
24 46 154.529 0 3 1.02091
25 46 155.062 0 3 1.02079
26 46 154.36 0 3 1.02072
27 46 152.326 0 3 1.02072
28 46 150.963 0 3 1.02078
29 46 153.057 0 3 1.02085
2 46 153.067 0 3 1.01998
30 46 154.525 0 3 1.02088
31 46 154.643 0 3 1.02088
32 46 151.483 0 3 1.02086
33 46 153.348 0 3 1.02084
34 46 154.495 0 3 1.02083
35 46 152.414 0 3 1.02087
36 46 153.57 0 3 1.02085
37 46 153.066 0 3 1.02084
38 46 152.987 0 3 1.02086
39 46 153.549 0 3 1.02085
3 46 153.069 0 3 1.01999
40 46 152.974 0 3 1.02085
41 46 152.988 0 3 1.02085
42 46 153.44 0 3 1.02085
43 46 153.314 0 3 1.02085
44 46 153.289 0 3 1.02085
45 46 153.044 0 3 1.02085
46 46 153.484 0 3 1.02085
47 46 153.37 0 3 1.02085
48 46 153.261 0 3 1.02085
49 46 153.321 0 3 1.02085
4 46 153.073 0 3 1.01999
50 46 153.267 0 3 1.02085
5 46 153.078 0 3 1.02
6 46 153.084 0 3 1.02002
7 46 153.092 0 3 1.02003
8 46 153.103 0 3 1.02006
9 46 153.116 0 3 1.02009
6 4 163.744 0 3 1.03729
0 47 153.063 0 3 1.01997
10 47 153.124 0 3 1.02011
11 47 153.142 0 3 1.02016
12 47 153.162 0 3 1.02022
13 47 153.182 0 3 1.0203
14 47 153.198 0 3 1.02041
15 47 153.203 0 3 1.02053
16 47 153.182 0 3 1.02068
17 47 153.121 0 3 1.02084
18 47 153.002 0 3 1.021
19 47 152.83 0 3 1.02114
1 47 153.064 0 3 1.01997
20 47 152.651 0 3 1.02122
21 47 152.588 0 3 1.02121
22 47 152.824 0 3 1.02111
23 47 153.475 0 3 1.02094
24 47 154.337 0 3 1.02079
25 47 154.8 0 3 1.02068
26 47 154.188 0 3 1.02063
27 47 152.416 0 3 1.02062
28 47 151.228 0 3 1.02068
29 47 153.052 0 3 1.02073
2 47 153.066 0 3 1.01998
30 47 154.33 0 3 1.02076
31 47 154.433 0 3 1.02076
32 47 151.682 0 3 1.02075
33 47 153.307 0 3 1.02073
34 47 154.306 0 3 1.02072
35 47 152.495 0 3 1.02075
36 47 153.502 0 3 1.02074
37 47 153.064 0 3 1.02073
38 47 152.996 0 3 1.02074
39 47 153.485 0 3 1.02074
3 47 153.068 0 3 1.01998
40 47 152.985 0 3 1.02073
41 47 152.997 0 3 1.02074
42 47 153.391 0 3 1.02074
43 47 153.282 0 3 1.02073
44 47 153.26 0 3 1.02074
45 47 153.047 0 3 1.02074
46 47 153.43 0 3 1.02074
47 47 153.331 0 3 1.02074
48 47 153.237 0 3 1.02074
49 47 153.291 0 3 1.02074
4 47 153.071 0 3 1.01999
50 47 153.246 0 3 1.02074
5 47 153.075 0 3 1.02
6 47 153.081 0 3 1.02001
7 47 153.088 0 3 1.02002
8 47 153.097 0 3 1.02005
9 47 153.109 0 3 1.02007
7 4 168.587 0 3 1.04349
0 48 153.062 0 3 1.01997
10 48 153.116 0 3 1.02009
11 48 153.131 0 3 1.02013
12 48 153.148 0 3 1.02019
13 48 153.166 0 3 1.02026
14 48 153.18 0 3 1.02035
15 48 153.184 0 3 1.02046
16 48 153.166 0 3 1.02059
17 48 153.112 0 3 1.02073
18 48 153.01 0 3 1.02087
19 48 152.859 0 3 1.02099
1 48 153.064 0 3 1.01997
20 48 152.704 0 3 1.02105
21 48 152.648 0 3 1.02105
22 48 152.854 0 3 1.02096
23 48 153.42 0 3 1.02082
24 48 154.171 0 3 1.02068
25 48 154.573 0 3 1.02059
26 48 154.039 0 3 1.02054
27 48 152.496 0 3 1.02054
28 48 151.461 0 3 1.02058
29 48 153.049 0 3 1.02063
2 48 153.065 0 3 1.01998
30 48 154.162 0 3 1.02066
31 48 154.252 0 3 1.02066
32 48 151.856 0 3 1.02065
33 48 153.272 0 3 1.02063
34 48 154.143 0 3 1.02062
35 48 152.565 0 3 1.02065
36 48 153.443 0 3 1.02064
37 48 153.062 0 3 1.02063
38 48 153.003 0 3 1.02064
39 48 153.429 0 3 1.02064
3 48 153.067 0 3 1.01998
40 48 152.994 0 3 1.02063
41 48 153.005 0 3 1.02064
42 48 153.348 0 3 1.02064
43 48 153.254 0 3 1.02064
44 48 153.235 0 3 1.02064
45 48 153.049 0 3 1.02064
46 48 153.384 0 3 1.02064
47 48 153.298 0 3 1.02064
48 48 153.217 0 3 1.02064
49 48 153.265 0 3 1.02064
4 48 153.07 0 3 1.01999
50 48 153.227 0 3 1.02064
5 48 153.073 0 3 1.01999
6 48 153.078 0 3 1.02
7 48 153.084 0 3 1.02002
8 48 153.092 0 3 1.02004
9 48 153.103 0 3 1.02006
8 4 176.057 0 3 1.05193
0 49 153.062 0 3 1.01997
10 49 153.108 0 3 1.02008
11 49 153.122 0 3 1.02011
12 49 153.137 0 3 1.02016
13 49 153.152 0 3 1.02022
14 49 153.165 0 3 1.0203
15 49 153.168 0 3 1.02039
16 49 153.152 0 3 1.02051
17 49 153.105 0 3 1.02063
18 49 153.016 0 3 1.02075
19 49 152.885 0 3 1.02085
1 49 153.063 0 3 1.01997
20 49 152.749 0 3 1.02091
21 49 152.701 0 3 1.02091
22 49 152.88 0 3 1.02083
23 49 153.373 0 3 1.02071
24 49 154.026 0 3 1.02059
25 49 154.376 0 3 1.02051
26 49 153.91 0 3 1.02047
27 49 152.566 0 3 1.02046
28 49 151.664 0 3 1.0205
29 49 153.047 0 3 1.02055
2 49 153.064 0 3 1.01997
30 49 154.016 0 3 1.02057
31 49 154.096 0 3 1.02057
32 49 152.009 0 3 1.02056
33 49 153.243 0 3 1.02054
34 49 154.001 0 3 1.02054
35 49 152.628 0 3 1.02056
36 49 153.392 0 3 1.02055
37 49 153.061 0 3 1.02055
38 49 153.01 0 3 1.02055
39 49 153.381 0 3 1.02055
3 49 153.066 0 3 1.01998
40 49 153.002 0 3 1.02055
41 49 153.012 0 3 1.02055
42 49 153.311 0 3 1.02055
43 49 153.229 0 3 1.02055
44 49 153.213 0 3 1.02055
45 49 153.052 0 3 1.02055
46 49 153.344 0 3 1.02055
47 49 153.27 0 3 1.02055
48 49 153.2 0 3 1.02055
49 49 153.242 0 3 1.02055
4 49 153.068 0 3 1.01998
50 49 153.21 0 3 1.02055
5 49 153.071 0 3 1.01999
6 49 153.076 0 3 1.02
7 49 153.081 0 3 1.02001
8 49 153.088 0 3 1.02003
9 49 153.097 0 3 1.02005
9 4 187.891 0 3 1.06344
0 50 153.062 0 3 1.01997
10 50 153.102 0 3 1.02006
11 50 153.114 0 3 1.02009
12 50 153.127 0 3 1.02014
13 50 153.14 0 3 1.02019
14 50 153.151 0 3 1.02026
15 50 153.154 0 3 1.02034
16 50 153.14 0 3 1.02044
17 50 153.099 0 3 1.02054
18 50 153.021 0 3 1.02065
19 50 152.907 0 3 1.02074
1 50 153.062 0 3 1.01997
20 50 152.789 0 3 1.02079
21 50 152.747 0 3 1.02079
22 50 152.903 0 3 1.02072
23 50 153.332 0 3 1.02061
24 50 153.9 0 3 1.02051
25 50 154.204 0 3 1.02044
26 50 153.799 0 3 1.0204
27 50 152.628 0 3 1.0204
28 50 151.842 0 3 1.02043
29 50 153.047 0 3 1.02047
2 50 153.064 0 3 1.01997
30 50 153.89 0 3 1.02049
31 50 153.96 0 3 1.02049
32 50 152.142 0 3 1.02048
33 50 153.217 0 3 1.02047
34 50 153.878 0 3 1.02046
35 50 152.682 0 3 1.02048
36 50 153.348 0 3 1.02048
37 50 153.06 0 3 1.02047
38 50 153.016 0 3 1.02048
39 50 153.339 0 3 1.02047
3 50 153.065 0 3 1.01998
40 50 153.01 0 3 1.02047
41 50 153.018 0 3 1.02047
42 50 153.279 0 3 1.02047
43 50 153.208 0 3 1.02047
44 50 153.194 0 3 1.02047
45 50 153.054 0 3 1.02048
46 50 153.308 0 3 1.02047
47 50 153.244 0 3 1.02047
48 50 153.184 0 3 1.02047
49 50 153.222 0 3 1.02048
4 50 153.067 0 3 1.01998
50 50 153.196 0 3 1.02048
5 50 153.07 0 3 1.01999
6 50 153.073 0 3 1.01999
7 50 153.078 0 3 1.02
8 50 153.084 0 3 1.02002
9 50 153.092 0 3 1.02004
0 5 154.304 0 3 1.02239
10 5 196.02 0 3 1.07108
11 5 219.961 0 3 1.08942
12 5 259.494 0 3 1.11438
13 5 325.104 0 3 1.14831
14 5 431.883 0 3 1.19425
15 5 593.783 0 3 1.25586
16 5 799.441 0 3 1.33672
17 5 977.92 0 3 1.43802
18 5 1077.76 0 3 1.55347
19 5 1300.3 0 3 1.66154
1 5 154.765 0 3 1.02325
20 5 1936.83 0 3 1.72331
21 5 2736.58 0 3 1.70593
22 5 2982.32 0 3 1.62144
23 5 3316.14 0 3 1.50973
24 5 5197.9 0 3 1.40413
25 5 7677.79 0 3 1.33517
26 5 9168.57 0 3 1.29724
27 5 9115.02 0 3 1.29555
28 5 10582.1 0 3 1.3279
29 5 11358.4 0 3 1.3628
2 5 155.406 0 3 1.02441
30 5 12867.2 0 3 1.37677
31 5 9825.03 0 3 1.3777
32 5 8762.2 0 3 1.36912
33 5 7740.97 0 3 1.35645
34 5 7490.02 0 3 1.35417
35 5 4931.42 0 3 1.37013
36 5 4749.72 0 3 1.36283
37 5 3000.13 0 3 1.35846
38 5 2046.63 0 3 1.36502
39 5 1985.97 0 3 1.36132
3 5 156.305 0 3 1.026
40 5 1154.58 0 3 1.35934
41 5 809.697 0 3 1.36143
42 5 785.655 0 3 1.36051
43 5 523.414 0 3 1.35982
44 5 472.165 0 3 1.36122
45 5 303.224 0 3 1.36199
46 5 456.297 0 3 1.36066
47 5 397.997 0 3 1.35998
48 5 285.535 0 3 1.3606
49 5 325.482 0 3 1.3619
4 5 157.578 0 3 1.02815
50 5 275.985 0 3 1.36138
5 5 159.403 0 3 1.03106
6 5 162.063 0 3 1.03502
7 5 166.01 0 3 1.04039
8 5 171.993 0 3 1.04768
9 5 181.276 0 3 1.05759
0 6 154.137 0 3 1.02207
10 6 187.521 0 3 1.06416
11 6 205.552 0 3 1.07986
12 6 234.336 0 3 1.1011
13 6 280.154 0 3 1.12973
14 6 350.915 0 3 1.16807
15 6 451.33 0 3 1.21876
16 6 568.453 0 3 1.28407
17 6 657.159 0 3 1.36411
18 6 689.724 0 3 1.45318
19 6 780.299 0 3 1.53484
1 6 154.535 0 3 1.02282
20 6 1104.4 0 3 1.58157
21 6 1558.86 0 3 1.57018
22 6 1791.19 0 3 1.50659
23 6 2167.28 0 3 1.41945
24 6 3481.05 0 3 1.33759
25 6 5147.18 0 3 1.28348
26 6 6027.6 0 3 1.2536
27 6 5846.49 0 3 1.25204
28 6 6673.89 0 3 1.27779
29 6 7323.04 0 3 1.30567
2 6 155.085 0 3 1.02384
30 6 8420.27 0 3 1.31705
31 6 6578.44 0 3 1.31779
32 6 5627.42 0 3 1.31095
33 6 5085.52 0 3 1.30107
34 6 5016.26 0 3 1.29888
35 6 3239.11 0 3 1.31175
36 6 3187.73 0 3 1.30605
37 6 2030.77 0 3 1.30257
38 6 1387.83 0 3 1.30783
39 6 1401.94 0 3 1.3049
3 6 155.851 0 3 1.02522
40 6 801.422 0 3 1.3033
41 6 582.595 0 3 1.30502
42 6 600.201 0 3 1.3043
43 6 417.324 0 3 1.30375
44 6 380.173 0 3 1.30488
45 6 250.233 0 3 1.3055
46 6 382.737 0 3 1.30444
47 6 336.322 0 3 1.30389
48 6 252.785 0 3 1.30439
49 6 283.171 0 3 1.30543
4 6 156.93 0 3 1.02708
50 6 245.62 0 3 1.30501
5 6 158.464 0 3 1.02961
6 6 160.676 0 3 1.03305
7 6 163.915 0 3 1.0377
8 6 168.749 0 3 1.04401
9 6 176.105 0 3 1.05256
0 7 153.994 0 3 1.0218
10 7 180.959 0 3 1.05821
11 7 194.726 0 3 1.07169
12 7 216.047 0 3 1.08982
13 7 248.754 0 3 1.11409
14 7 297.017 0 3 1.14629
15 7 361.695 0 3 1.18837
16 7 431.54 0 3 1.24177
17 7 476.88 0 3 1.30609
18 7 481.157 0 3 1.37633
19 7 512.595 0 3 1.43977
1 7 154.337 0 3 1.02245
20 7 683.234 0 3 1.47611
21 7 954.778 0 3 1.46826
22 7 1149.82 0 3 1.41908
23 7 1494.61 0 3 1.34986
24 7 2435.51 0 3 1.28492
25 7 3588.44 0 3 1.24167
26 7 4113.81 0 3 1.21781
27 7 3876.92 0 3 1.21646
28 7 4340.89 0 3 1.23724
29 7 4892.67 0 3 1.2598
2 7 154.809 0 3 1.02334
30 7 5715.24 0 3 1.26919
31 7 4552.55 0 3 1.26979
32 7 3721.26 0 3 1.26423
33 7 3454.5 0 3 1.25639
34 7 3479.26 0 3 1.25437
35 7 2192.98 0 3 1.26489
36 7 2214.14 0 3 1.26035
37 7 1422.03 0 3 1.25753
38 7 978.211 0 3 1.26181
39 7 1026.42 0 3 1.25945
3 7 155.465 0 3 1.02453
40 7 583.079 0 3 1.25815
41 7 439.787 0 3 1.25957
42 7 477.431 0 3 1.259
43 7 346.48 0 3 1.25856
44 7 319.083 0 3 1.25948
45 7 217.182 0 3 1.25998
46 7 331.09 0 3 1.25912
47 7 293.47 0 3 1.25868
48 7 230.05 0 3 1.25908
49 7 253.638 0 3 1.25993
4 7 156.382 0 3 1.02616
50 7 224.565 0 3 1.25958
5 7 157.676 0 3 1.02836
6 7 159.525 0 3 1.03134
7 7 162.201 0 3 1.03537
8 7 166.136 0 3 1.04083
9 7 172.019 0 3 1.04822
0 8 153.87 0 3 1.02156
10 8 175.833 0 3 1.05309
11 8 186.476 0 3 1.06468
12 8 202.509 0 3 1.0802
13 8 226.301 0 3 1.10086
14 8 260.012 0 3 1.12805
15 8 302.926 0 3 1.16323
16 8 345.966 0 3 1.20734
17 8 368.956 0 3 1.25971
18 8 361.146 0 3 1.31608
19 8 365.04 0 3 1.36638
1 8 154.166 0 3 1.02213
20 8 455.415 0 3 1.39525
21 8 623.567 0 3 1.38962
22 8 780.985 0 3 1.35078
23 8 1076.53 0 3 1.29496
24 8 1766.23 0 3 1.24256
25 8 2583.14 0 3 1.20748
26 8 2896.19 0 3 1.1882
27 8 2642.12 0 3 1.18706
28 8 2892.39 0 3 1.20404
29 8 3364.11 0 3 1.22248
2 8 154.572 0 3 1.0229
30 8 3995.32 0 3 1.23029
31 8 3238.04 0 3 1.2308
32 8 2519.48 0 3 1.22621
33 8 2413.92 0 3 1.2199
34 8 2485.79 0 3 1.21807
35 8 1524.66 0 3 1.22677
36 8 1585.03 0 3 1.2231
37 8 1027.22 0 3 1.22079
38 8 715.099 0 3 1.22431
39 8 777.114 0 3 1.22239
3 8 155.135 0 3 1.02394
40 8 443.544 0 3 1.22131
41 8 347.454 0 3 1.2225
42 8 393.59 0 3 1.22204
43 8 297.705 0 3 1.22168
44 8 277.193 0 3 1.22244
45 8 195.992 0 3 1.22285
46 8 293.659 0 3 1.22214
47 8 262.751 0 3 1.22178
48 8 213.712 0 3 1.22211
49 8 232.333 0 3 1.2228
4 8 155.917 0 3 1.02535
50 8 209.438 0 3 1.22252
5 8 157.013 0 3 1.02727
6 8 158.565 0 3 1.02985
7 8 160.788 0 3 1.03335
8 8 164.014 0 3 1.03809
9 8 168.76 0 3 1.04448
0 9 153.763 0 3 1.02136
10 9 171.786 0 3 1.04868
11 9 180.106 0 3 1.05866
12 9 192.327 0 3 1.07198
13 9 209.921 0 3 1.08961
14 9 233.944 0 3 1.11268
15 9 263.105 0 3 1.14227
16 9 290.245 0 3 1.179
17 9 301.215 0 3 1.22211
18 9 288.566 0 3 1.26796
19 9 279.67 0 3 1.3085
1 9 154.019 0 3 1.02185
20 9 326.241 0 3 1.3318
21 9 433.064 0 3 1.32763
22 9 558.457 0 3 1.29645
23 9 805.114 0 3 1.2509
24 9 1321.09 0 3 1.20803
25 9 1911.32 0 3 1.17926
26 9 2094.77 0 3 1.16352
27 9 1844.09 0 3 1.16257
28 9 1966.28 0 3 1.17657
29 9 2370.46 0 3 1.19179
2 9 154.369 0 3 1.02252
30 9 2863.91 0 3 1.19833
31 9 2358.83 0 3 1.19877
32 9 1740.86 0 3 1.19495
33 9 1729.98 0 3 1.1898
34 9 1823.25 0 3 1.18816
35 9 1086.76 0 3 1.19543
36 9 1166.7 0 3 1.19242
37 9 764.529 0 3 1.19051
38 9 541.686 0 3 1.19343
39 9 607.217 0 3 1.19185
3 9 154.852 0 3 1.02343
40 9 352.039 0 3 1.19095
41 9 286.412 0 3 1.19195
42 9 334.807 0 3 1.19157
43 9 263.242 0 3 1.19128
44 9 247.676 0 3 1.1919
45 9 182.105 0 3 1.19225
46 9 265.805 0 3 1.19166
47 9 240.144 0 3 1.19136
48 9 201.63 0 3 1.19163
49 9 216.538 0 3 1.19221
4 9 155.52 0 3 1.02465
50 9 198.247 0 3 1.19197
5 9 156.452 0 3 1.02632
6 9 157.761 0 3 1.02856
7 9 159.617 0 3 1.0316
8 9 162.279 0 3 1.03571
9 9 166.137 0 3 1.04124
