0 0 152.428 0 3 1.01977
10 0 152.429 0 3 1.01977
11 0 152.43 0 3 1.01977
12 0 152.43 0 3 1.01977
13 0 152.43 0 3 1.01977
14 0 152.431 0 3 1.01977
15 0 152.431 0 3 1.01977
16 0 152.432 0 3 1.01977
17 0 152.432 0 3 1.01977
18 0 152.433 0 3 1.01977
19 0 152.433 0 3 1.01977
1 0 152.428 0 3 1.01977
20 0 152.434 0 3 1.01977
21 0 152.435 0 3 1.01977
22 0 152.435 0 3 1.01977
23 0 152.436 0 3 1.01977
24 0 152.437 0 3 1.01977
25 0 152.438 0 3 1.01977
26 0 152.438 0 3 1.01977
27 0 152.439 0 3 1.01977
28 0 152.44 0 3 1.01977
29 0 152.441 0 3 1.01977
2 0 152.428 0 3 1.01977
30 0 152.442 0 3 1.01977
31 0 152.443 0 3 1.01977
32 0 152.444 0 3 1.01977
33 0 152.445 0 3 1.01977
34 0 152.446 0 3 1.01977
35 0 152.447 0 3 1.01977
36 0 152.448 0 3 1.01977
37 0 152.449 0 3 1.01977
38 0 152.451 0 3 1.01977
39 0 152.452 0 3 1.01977
3 0 152.428 0 3 1.01977
40 0 152.453 0 3 1.01977
41 0 152.454 0 3 1.01977
42 0 152.456 0 3 1.01977
43 0 152.457 0 3 1.01977
44 0 152.459 0 3 1.01977
45 0 152.46 0 3 1.01977
46 0 152.461 0 3 1.01977
47 0 152.463 0 3 1.01977
48 0 152.464 0 3 1.01977
49 0 152.466 0 3 1.01977
4 0 152.428 0 3 1.01977
50 0 152.468 0 3 1.01977
5 0 152.428 0 3 1.01977
6 0 152.428 0 3 1.01977
7 0 152.428 0 3 1.01977
8 0 152.429 0 3 1.01977
9 0 152.429 0 3 1.01977
0 10 152.428 0 3 1.01977
10 10 269.167 0 3 1.13465
11 10 224.652 0 3 1.13234
12 10 239.469 0 3 1.13369
13 10 191.47 0 3 1.13317
14 10 223.326 0 3 1.13307
15 10 241.142 0 3 1.13303
16 10 238.319 0 3 1.13323
17 10 206.2 0 3 1.13295
18 10 176.021 0 3 1.13286
19 10 211.401 0 3 1.13301
1 10 758.113 0 3 1.1373
20 10 190.91 0 3 1.13357
21 10 183.49 0 3 1.13328
22 10 154.365 0 3 1.13303
23 10 211.361 0 3 1.13306
24 10 199.456 0 3 1.13315
25 10 174.962 0 3 1.13324
26 10 202.745 0 3 1.13282
27 10 167.097 0 3 1.13334
28 10 158.205 0 3 1.13341
29 10 228.207 0 3 1.13275
2 10 970.504 0 3 1.13125
30 10 182.805 0 3 1.13302
31 10 172.946 0 3 1.13334
32 10 212.177 0 3 1.13269
33 10 159.992 0 3 1.13343
34 10 178.133 0 3 1.13332
35 10 170.302 0 3 1.1328
36 10 186.634 0 3 1.13356
37 10 173.494 0 3 1.13284
38 10 188.804 0 3 1.13323
39 10 167.077 0 3 1.13306
3 10 981.706 0 3 1.13637
40 10 188.855 0 3 1.13293
41 10 198.176 0 3 1.1335
42 10 152.387 0 3 1.1326
43 10 192.421 0 3 1.13366
44 10 163.561 0 3 1.13255
45 10 203.156 0 3 1.13358
46 10 176.413 0 3 1.1328
47 10 177.579 0 3 1.13326
48 10 171.581 0 3 1.13301
49 10 169.47 0 3 1.13322
4 10 1091.54 0 3 1.13065
50 10 179.436 0 3 1.13337
5 10 367.182 0 3 1.13431
6 10 563.759 0 3 1.13406
7 10 396.822 0 3 1.13196
8 10 356.942 0 3 1.13419
9 10 324.308 0 3 1.13212
0 1 152.428 0 3 1.01977
10 1 155.123 0 3 1.0302
0 11 152.428 0 3 1.01977
10 11 295.693 0 3 1.14759
11 11 243.665 0 3 1.14499
12 11 258.227 0 3 1.14651
13 11 204.042 0 3 1.14592
14 11 237.428 0 3 1.14581
15 11 257.219 0 3 1.14575
16 11 253.61 0 3 1.14598
17 11 216.159 0 3 1.14567
18 11 181.751 0 3 1.14556
19 11 221.329 0 3 1.14574
11 1 152.614 0 3 1.03
1 11 882.975 0 3 1.1507
20 11 197.635 0 3 1.14636
21 11 189.107 0 3 1.14604
22 11 156.73 0 3 1.14575
23 11 220.54 0 3 1.14579
24 11 207.215 0 3 1.14589
25 11 178.779 0 3 1.14599
26 11 210.293 0 3 1.14551
27 11 170.251 0 3 1.1461
28 11 159.85 0 3 1.14618
29 11 239.211 0 3 1.14544
12 1 154.933 0 3 1.03012
2 11 1194.4 0 3 1.14379
30 11 187.871 0 3 1.14575
31 11 175.992 0 3 1.1461
32 11 220.56 0 3 1.14537
33 11 161.655 0 3 1.1462
34 11 182.187 0 3 1.14608
35 11 173.169 0 3 1.14549
36 11 191.434 0 3 1.14635
37 11 176.499 0 3 1.14554
38 11 193.992 0 3 1.14598
39 11 169.129 0 3 1.14579
13 1 151.179 0 3 1.03008
3 11 1180.31 0 3 1.14955
40 11 193.818 0 3 1.14565
41 11 204.394 0 3 1.14628
42 11 152.586 0 3 1.14527
43 11 197.966 0 3 1.14647
44 11 165.083 0 3 1.14521
45 11 210.032 0 3 1.14638
46 11 179.556 0 3 1.14549
47 11 181.07 0 3 1.14601
48 11 174.2 0 3 1.14573
49 11 171.985 0 3 1.14596
14 1 155.187 0 3 1.03007
4 11 1291.63 0 3 1.14309
50 11 183.044 0 3 1.14614
15 1 156.834 0 3 1.03007
5 11 452.289 0 3 1.14721
16 1 156.859 0 3 1.03008
6 11 661.472 0 3 1.14692
17 1 154.96 0 3 1.03006
7 11 458.594 0 3 1.14456
18 1 152.787 0 3 1.03005
8 11 405.958 0 3 1.14707
19 1 155.795 0 3 1.03007
9 11 360.582 0 3 1.14474
1 1 174.539 0 3 1.03033
20 1 154.501 0 3 1.03011
0 12 152.428 0 3 1.01977
10 12 325.995 0 3 1.16082
11 12 265.713 0 3 1.15792
12 12 279.491 0 3 1.15962
13 12 218.85 0 3 1.15896
14 12 253.275 0 3 1.15883
15 12 275.084 0 3 1.15877
16 12 270.56 0 3 1.15902
17 12 227.251 0 3 1.15868
18 12 188.352 0 3 1.15856
19 12 232.243 0 3 1.15875
21 1 153.993 0 3 1.03009
1 12 1024.57 0 3 1.16445
20 12 205.074 0 3 1.15945
21 12 195.351 0 3 1.15909
22 12 159.661 0 3 1.15877
23 12 230.524 0 3 1.15881
24 12 215.723 0 3 1.15892
25 12 182.985 0 3 1.15903
26 12 218.452 0 3 1.1585
27 12 173.832 0 3 1.15916
28 12 161.776 0 3 1.15924
29 12 251.033 0 3 1.15842
22 1 151.36 0 3 1.03007
2 12 1456.06 0 3 1.15663
30 12 193.442 0 3 1.15876
31 12 179.282 0 3 1.15915
32 12 229.515 0 3 1.15834
33 12 163.558 0 3 1.15927
34 12 186.606 0 3 1.15914
35 12 176.308 0 3 1.15848
36 12 196.565 0 3 1.15944
37 12 179.726 0 3 1.15853
38 12 199.554 0 3 1.15902
39 12 171.328 0 3 1.15881
23 1 156.26 0 3 1.03007
3 12 1408.73 0 3 1.16304
40 12 199.094 0 3 1.15865
41 12 210.999 0 3 1.15936
42 12 152.848 0 3 1.15823
43 12 203.877 0 3 1.15956
44 12 166.708 0 3 1.15816
45 12 217.335 0 3 1.15946
46 12 182.877 0 3 1.15848
47 12 184.796 0 3 1.15906
48 12 176.991 0 3 1.15874
49 12 174.701 0 3 1.159
24 1 155.22 0 3 1.03008
4 12 1519.17 0 3 1.15582
50 12 186.869 0 3 1.1592
25 1 153.724 0 3 1.03008
5 12 553.923 0 3 1.16042
26 1 155.87 0 3 1.03005
6 12 773.812 0 3 1.16008
27 1 152.885 0 3 1.03009
7 12 529.873 0 3 1.15745
28 1 152.399 0 3 1.0301
8 12 462.321 0 3 1.16025
29 1 157.805 0 3 1.03004
9 12 401.72 0 3 1.15766
2 1 151.563 0 3 1.0299
30 1 154.222 0 3 1.03007
0 13 152.428 0 3 1.01977
10 13 360.428 0 3 1.17437
11 13 291.094 0 3 1.17116
12 13 303.481 0 3 1.17303
13 13 236.113 0 3 1.17229
14 13 271.017 0 3 1.17215
15 13 294.891 0 3 1.17208
16 13 289.314 0 3 1.17237
17 13 239.572 0 3 1.17198
18 13 195.908 0 3 1.17185
19 13 244.223 0 3 1.17206
31 1 153.872 0 3 1.03009
1 13 1184.68 0 3 1.17855
20 13 213.289 0 3 1.17283
21 13 202.276 0 3 1.17243
22 13 163.216 0 3 1.17208
23 13 241.381 0 3 1.17213
24 13 225.043 0 3 1.17225
25 13 187.616 0 3 1.17237
26 13 227.269 0 3 1.17179
27 13 177.882 0 3 1.17251
28 13 164.014 0 3 1.17261
29 13 263.734 0 3 1.1717
32 1 156.855 0 3 1.03004
2 13 1759.62 0 3 1.16976
30 13 199.56 0 3 1.17207
31 13 182.839 0 3 1.17251
32 13 239.085 0 3 1.17161
33 13 165.726 0 3 1.17264
34 13 191.42 0 3 1.17249
35 13 179.743 0 3 1.17176
36 13 202.054 0 3 1.17282
37 13 183.194 0 3 1.17182
38 13 205.521 0 3 1.17236
39 13 173.686 0 3 1.17213
33 1 152.673 0 3 1.0301
3 13 1669.93 0 3 1.17686
40 13 204.708 0 3 1.17195
41 13 218.019 0 3 1.17274
42 13 153.179 0 3 1.17148
43 13 210.185 0 3 1.17296
44 13 168.446 0 3 1.17141
45 13 225.094 0 3 1.17285
46 13 186.39 0 3 1.17176
47 13 188.778 0 3 1.1724
48 13 179.967 0 3 1.17205
49 13 177.634 0 3 1.17234
34 1 154.084 0 3 1.03009
4 13 1776.91 0 3 1.16884
50 13 190.928 0 3 1.17256
35 1 153.569 0 3 1.03005
5 13 673.747 0 3 1.17393
36 1 154.981 0 3 1.03011
6 13 902.236 0 3 1.17354
37 1 153.991 0 3 1.03005
7 13 611.56 0 3 1.17063
38 1 155.094 0 3 1.03008
8 13 526.748 0 3 1.17373
39 1 153.547 0 3 1.03007
9 13 448.186 0 3 1.17088
3 1 166.052 0 3 1.03032
40 1 155.234 0 3 1.03006
0 14 152.428 0 3 1.01977
10 14 399.38 0 3 1.18824
11 14 320.132 0 3 1.1847
12 14 330.436 0 3 1.18676
13 14 256.071 0 3 1.18594
14 14 290.821 0 3 1.18579
15 14 316.81 0 3 1.18571
16 14 310.027 0 3 1.18602
17 14 253.228 0 3 1.1856
18 14 204.513 0 3 1.18545
19 14 257.358 0 3 1.18568
41 1 155.949 0 3 1.03011
1 14 1365.27 0 3 1.19303
20 14 222.348 0 3 1.18653
21 14 209.942 0 3 1.18609
22 14 167.456 0 3 1.1857
23 14 253.184 0 3 1.18575
24 14 235.24 0 3 1.18589
25 14 192.707 0 3 1.18602
26 14 236.799 0 3 1.18538
27 14 182.442 0 3 1.18618
28 14 166.596 0 3 1.18628
29 14 277.382 0 3 1.18528
42 1 152.348 0 3 1.03003
2 14 2109.73 0 3 1.18321
30 14 206.274 0 3 1.18569
31 14 186.685 0 3 1.18618
32 14 249.317 0 3 1.18518
33 14 168.185 0 3 1.18632
34 14 196.663 0 3 1.18615
35 14 183.501 0 3 1.18535
36 14 207.93 0 3 1.18652
37 14 186.924 0 3 1.18541
38 14 211.924 0 3 1.18601
39 14 176.215 0 3 1.18575
43 1 155.45 0 3 1.03012
3 14 1967.22 0 3 1.19103
40 14 210.683 0 3 1.18556
41 14 225.484 0 3 1.18643
42 14 153.589 0 3 1.18505
43 14 216.917 0 3 1.18667
44 14 170.308 0 3 1.18496
45 14 233.343 0 3 1.18655
46 14 190.107 0 3 1.18535
47 14 193.035 0 3 1.18606
48 14 183.143 0 3 1.18567
49 14 180.805 0 3 1.18599
44 1 153.317 0 3 1.03003
4 14 2067.93 0 3 1.18215
50 14 195.237 0 3 1.18623
45 1 156.347 0 3 1.03011
5 14 813.596 0 3 1.18776
46 1 154.37 0 3 1.03005
6 14 1048.35 0 3 1.18733
47 1 154.349 0 3 1.03009
7 14 704.646 0 3 1.18412
48 1 153.926 0 3 1.03007
8 14 600.029 0 3 1.18754
49 1 153.659 0 3 1.03008
9 14 500.489 0 3 1.1844
4 1 182.915 0 3 1.02986
50 1 154.573 0 3 1.0301
0 15 152.428 0 3 1.01977
10 15 443.278 0 3 1.20245
11 15 353.187 0 3 1.19856
12 15 360.619 0 3 1.20082
13 15 278.988 0 3 1.19992
14 15 312.865 0 3 1.19974
15 15 341.024 0 3 1.19966
16 15 332.87 0 3 1.2
17 15 268.334 0 3 1.19953
18 15 214.271 0 3 1.19937
19 15 271.742 0 3 1.19962
1 15 1568.59 0 3 1.20789
20 15 232.326 0 3 1.20056
21 15 218.416 0 3 1.20007
22 15 172.449 0 3 1.19965
23 15 266.013 0 3 1.1997
24 15 246.389 0 3 1.19985
25 15 198.299 0 3 1.2
26 15 247.099 0 3 1.19929
27 15 187.56 0 3 1.20017
28 15 169.557 0 3 1.20028
29 15 292.05 0 3 1.19919
2 15 2511.58 0 3 1.19698
30 15 213.635 0 3 1.19964
31 15 190.844 0 3 1.20017
32 15 260.26 0 3 1.19908
33 15 170.964 0 3 1.20032
34 15 202.37 0 3 1.20014
35 15 187.61 0 3 1.19926
36 15 214.222 0 3 1.20055
37 15 190.938 0 3 1.19933
38 15 218.799 0 3 1.19998
39 15 178.933 0 3 1.1997
3 15 2304.26 0 3 1.20555
40 15 217.049 0 3 1.19949
41 15 233.427 0 3 1.20044
42 15 154.088 0 3 1.19893
43 15 224.107 0 3 1.20071
44 15 172.304 0 3 1.19884
45 15 242.119 0 3 1.20058
46 15 194.046 0 3 1.19926
47 15 197.589 0 3 1.20004
48 15 186.536 0 3 1.19961
49 15 184.234 0 3 1.19996
4 15 2395.61 0 3 1.19578
50 15 199.817 0 3 1.20023
5 15 975.5 0 3 1.20193
6 15 1213.94 0 3 1.20144
7 15 810.222 0 3 1.19792
8 15 683.034 0 3 1.20167
9 15 559.189 0 3 1.19825
5 1 136.244 0 3 1.03017
0 16 152.428 0 3 1.01977
10 16 492.589 0 3 1.217
11 16 390.655 0 3 1.21275
12 16 394.316 0 3 1.21522
13 16 305.155 0 3 1.21422
14 16 337.348 0 3 1.21403
15 16 367.735 0 3 1.21394
16 16 358.029 0 3 1.21431
17 16 285.014 0 3 1.2138
18 16 225.293 0 3 1.21362
19 16 287.481 0 3 1.2139
1 16 1797.15 0 3 1.22316
20 16 243.301 0 3 1.21492
21 16 227.768 0 3 1.21439
22 16 178.269 0 3 1.21392
23 16 279.956 0 3 1.21398
24 16 258.569 0 3 1.21414
25 16 204.437 0 3 1.21431
26 16 258.233 0 3 1.21353
27 16 193.287 0 3 1.2145
28 16 172.936 0 3 1.21462
29 16 307.815 0 3 1.21342
2 16 2971.05 0 3 1.21109
30 16 221.702 0 3 1.21391
31 16 195.345 0 3 1.21449
32 16 271.97 0 3 1.2133
33 16 174.098 0 3 1.21466
34 16 208.58 0 3 1.21446
35 16 192.103 0 3 1.21349
36 16 220.964 0 3 1.2149
37 16 195.262 0 3 1.21357
38 16 226.184 0 3 1.21429
39 16 181.854 0 3 1.21398
3 16 2685.11 0 3 1.22043
40 16 223.835 0 3 1.21375
41 16 241.883 0 3 1.21479
42 16 154.687 0 3 1.21313
43 16 231.79 0 3 1.21509
44 16 174.447 0 3 1.21304
45 16 251.46 0 3 1.21494
46 16 198.224 0 3 1.2135
47 16 202.464 0 3 1.21435
48 16 190.164 0 3 1.21389
49 16 187.942 0 3 1.21427
4 16 2763.75 0 3 1.20973
50 16 204.689 0 3 1.21456
5 16 1161.71 0 3 1.21645
6 16 1400.98 0 3 1.2159
7 16 929.492 0 3 1.21206
8 16 776.724 0 3 1.21615
9 16 624.906 0 3 1.21242
6 1 159.858 0 3 1.03015
0 17 152.428 0 3 1.01977
10 17 547.83 0 3 1.23191
11 17 432.972 0 3 1.22729
12 17 431.839 0 3 1.22996
13 17 334.891 0 3 1.22887
14 17 364.482 0 3 1.22866
15 17 397.162 0 3 1.22856
16 17 385.707 0 3 1.22896
17 17 303.405 0 3 1.22841
18 17 237.705 0 3 1.22821
19 17 304.686 0 3 1.22851
1 17 2053.8 0 3 1.23885
20 17 255.361 0 3 1.22963
21 17 238.076 0 3 1.22905
22 17 184.997 0 3 1.22854
23 17 295.109 0 3 1.22861
24 17 271.868 0 3 1.22878
25 17 211.168 0 3 1.22896
26 17 270.269 0 3 1.22812
27 17 199.679 0 3 1.22916
28 17 176.777 0 3 1.2293
29 17 324.764 0 3 1.22799
2 17 3494.72 0 3 1.22554
30 17 230.534 0 3 1.22853
31 17 200.215 0 3 1.22916
32 17 284.504 0 3 1.22786
33 17 177.622 0 3 1.22934
34 17 215.337 0 3 1.22913
35 17 197.014 0 3 1.22808
36 17 228.192 0 3 1.22961
37 17 199.922 0 3 1.22816
38 17 234.121 0 3 1.22894
39 17 184.997 0 3 1.22861
3 17 3114.33 0 3 1.2357
40 17 231.072 0 3 1.22835
41 17 250.891 0 3 1.22948
42 17 155.398 0 3 1.22768
43 17 240.003 0 3 1.22981
44 17 176.751 0 3 1.22758
45 17 261.411 0 3 1.22965
46 17 202.658 0 3 1.22808
47 17 207.687 0 3 1.22901
48 17 194.046 0 3 1.2285
49 17 191.954 0 3 1.22892
4 17 3176.57 0 3 1.22402
50 17 209.875 0 3 1.22923
5 17 1374.71 0 3 1.23133
6 17 1611.65 0 3 1.23071
7 17 1063.79 0 3 1.22653
8 17 882.161 0 3 1.23099
9 17 698.321 0 3 1.22695
7 1 154.3 0 3 1.02997
0 18 152.428 0 3 1.01977
10 18 609.566 0 3 1.2472
11 18 480.622 0 3 1.24218
12 18 473.532 0 3 1.24507
13 18 368.55 0 3 1.24388
14 18 394.503 0 3 1.24366
15 18 429.545 0 3 1.24354
16 18 416.127 0 3 1.24398
17 18 323.655 0 3 1.24338
18 18 251.644 0 3 1.24316
19 18 323.481 0 3 1.24349
1 18 2341.78 0 3 1.25497
20 18 268.603 0 3 1.24469
21 18 249.425 0 3 1.24407
22 18 192.722 0 3 1.24352
23 18 311.578 0 3 1.24359
24 18 286.378 0 3 1.24378
25 18 218.546 0 3 1.24397
26 18 283.281 0 3 1.24306
27 18 206.798 0 3 1.24419
28 18 181.126 0 3 1.24434
29 18 342.99 0 3 1.24292
2 18 4090.06 0 3 1.24036
30 18 240.201 0 3 1.2435
31 18 205.488 0 3 1.24419
32 18 297.929 0 3 1.24278
33 18 181.576 0 3 1.24439
34 18 222.688 0 3 1.24415
35 18 202.382 0 3 1.24301
36 18 235.946 0 3 1.24468
37 18 204.948 0 3 1.2431
38 18 242.655 0 3 1.24395
39 18 188.381 0 3 1.24359
3 18 3596.98 0 3 1.25136
40 18 238.797 0 3 1.24331
41 18 260.491 0 3 1.24454
42 18 156.236 0 3 1.24259
43 18 248.788 0 3 1.24489
44 18 179.231 0 3 1.24247
45 18 272.016 0 3 1.24472
46 18 207.37 0 3 1.24301
47 18 213.286 0 3 1.24402
48 18 198.203 0 3 1.24347
49 18 196.297 0 3 1.24392
4 18 3638.75 0 3 1.23865
50 18 215.4 0 3 1.24426
5 18 1617.28 0 3 1.24658
6 18 1848.39 0 3 1.24589
7 18 1214.57 0 3 1.24135
8 18 1000.52 0 3 1.24619
9 18 780.19 0 3 1.24182
8 1 155.8 0 3 1.03016
0 19 152.428 0 3 1.01977
10 19 678.425 0 3 1.26287
11 19 534.138 0 3 1.25744
12 19 519.77 0 3 1.26056
13 19 406.521 0 3 1.25927
14 19 427.666 0 3 1.25902
15 19 465.147 0 3 1.25889
16 19 449.53 0 3 1.25936
17 19 345.926 0 3 1.25871
18 19 267.263 0 3 1.25848
19 19 344 0 3 1.25883
1 19 2664.75 0 3 1.27154
20 19 283.132 0 3 1.26014
21 19 261.91 0 3 1.25946
22 19 201.541 0 3 1.25886
23 19 329.477 0 3 1.25894
24 19 302.205 0 3 1.25915
25 19 226.627 0 3 1.25935
26 19 297.352 0 3 1.25837
27 19 214.711 0 3 1.25959
28 19 186.037 0 3 1.25975
29 19 362.593 0 3 1.25822
2 19 4765.49 0 3 1.25555
30 19 250.777 0 3 1.25885
31 19 211.199 0 3 1.25959
32 19 312.312 0 3 1.25807
33 19 186.004 0 3 1.2598
34 19 230.682 0 3 1.25955
35 19 208.249 0 3 1.25832
36 19 244.269 0 3 1.26011
37 19 210.372 0 3 1.25842
38 19 251.836 0 3 1.25933
39 19 192.029 0 3 1.25894
3 19 4138.73 0 3 1.26744
40 19 247.049 0 3 1.25864
41 19 270.729 0 3 1.25997
42 19 157.215 0 3 1.25786
43 19 258.191 0 3 1.26035
44 19 181.903 0 3 1.25773
45 19 283.326 0 3 1.26016
46 19 212.381 0 3 1.25832
47 19 219.292 0 3 1.25941
48 19 202.66 0 3 1.25882
49 19 201.001 0 3 1.2593
4 19 4155.59 0 3 1.25364
50 19 221.292 0 3 1.25967
5 19 1892.49 0 3 1.26222
6 19 2113.9 0 3 1.26145
7 19 1383.47 0 3 1.25654
8 19 1133.1 0 3 1.26178
9 19 871.347 0 3 1.25707
9 1 158.086 0 3 1.02998
0 20 152.428 0 3 1.01977
10 20 755.096 0 3 1.27894
11 20 594.113 0 3 1.27308
12 20 570.965 0 3 1.27644
13 20 449.234 0 3 1.27504
14 20 464.253 0 3 1.27476
15 20 504.256 0 3 1.27463
16 20 486.185 0 3 1.27513
17 20 370.396 0 3 1.27443
18 20 284.728 0 3 1.27418
19 20 366.388 0 3 1.27456
1 20 3026.91 0 3 1.28859
20 20 299.06 0 3 1.27597
21 20 275.631 0 3 1.27524
22 20 211.562 0 3 1.27459
23 20 348.934 0 3 1.27468
24 20 319.458 0 3 1.2749
25 20 235.476 0 3 1.27512
26 20 312.57 0 3 1.27406
27 20 223.492 0 3 1.27538
28 20 191.567 0 3 1.27555
29 20 383.684 0 3 1.2739
2 20 5530.6 0 3 1.27114
30 20 262.341 0 3 1.27458
31 20 217.386 0 3 1.27537
32 20 327.732 0 3 1.27373
33 20 190.954 0 3 1.27561
34 20 239.376 0 3 1.27533
35 20 214.661 0 3 1.274
36 20 253.208 0 3 1.27594
37 20 216.231 0 3 1.27411
38 20 261.719 0 3 1.27509
39 20 195.963 0 3 1.27467
3 20 4745.97 0 3 1.28395
40 20 255.869 0 3 1.27435
41 20 281.653 0 3 1.27578
42 20 158.353 0 3 1.2735
43 20 268.26 0 3 1.2762
44 20 184.785 0 3 1.27337
45 20 295.398 0 3 1.27599
46 20 217.716 0 3 1.274
47 20 225.74 0 3 1.27518
48 20 207.44 0 3 1.27454
49 20 206.096 0 3 1.27507
4 20 4732.97 0 3 1.269
50 20 227.58 0 3 1.27546
5 20 2203.78 0 3 1.27827
6 20 2411.19 0 3 1.2774
7 20 1572.3 0 3 1.27211
8 20 1281.34 0 3 1.27776
9 20 972.719 0 3 1.2727
0 2 152.428 0 3 1.01977
10 2 159.352 0 3 1.04084
0 21 152.428 0 3 1.01977
10 21 840.34 0 3 1.29543
11 21 661.203 0 3 1.28912
12 21 627.57 0 3 1.29273
13 21 497.168 0 3 1.29121
14 21 504.569 0 3 1.29091
15 21 547.189 0 3 1.29076
16 21 526.382 0 3 1.29131
17 21 397.26 0 3 1.29055
18 21 304.226 0 3 1.29028
19 21 390.806 0 3 1.29068
11 2 153.986 0 3 1.04045
1 21 3433.04 0 3 1.30613
20 21 316.515 0 3 1.2922
21 21 290.7 0 3 1.29141
22 21 222.902 0 3 1.29072
23 21 370.088 0 3 1.29081
24 21 338.263 0 3 1.29105
25 21 245.16 0 3 1.29129
26 21 329.032 0 3 1.29014
27 21 233.22 0 3 1.29157
28 21 197.78 0 3 1.29175
29 21 406.382 0 3 1.28997
12 2 158.516 0 3 1.04068
2 21 6396.29 0 3 1.28713
30 21 274.983 0 3 1.2907
31 21 224.091 0 3 1.29156
32 21 344.27 0 3 1.28979
33 21 196.48 0 3 1.29181
34 21 248.831 0 3 1.29152
35 21 221.669 0 3 1.29008
36 21 262.814 0 3 1.29217
37 21 222.563 0 3 1.2902
38 21 272.361 0 3 1.29126
39 21 200.209 0 3 1.29081
13 2 150.793 0 3 1.04059
3 21 5425.85 0 3 1.3009
40 21 265.302 0 3 1.29046
41 21 293.318 0 3 1.292
42 21 159.667 0 3 1.28955
43 21 279.05 0 3 1.29245
44 21 187.897 0 3 1.2894
45 21 308.289 0 3 1.29223
46 21 223.401 0 3 1.29009
47 21 232.666 0 3 1.29135
48 21 212.573 0 3 1.29066
49 21 211.618 0 3 1.29123
14 2 158.699 0 3 1.04058
4 21 5377.54 0 3 1.28474
50 21 234.298 0 3 1.29166
15 2 162.02 0 3 1.04057
5 21 2554.98 0 3 1.29474
16 2 162.018 0 3 1.04061
6 21 2743.64 0 3 1.29377
17 2 157.988 0 3 1.04056
7 21 1783.06 0 3 1.28808
18 2 153.478 0 3 1.04054
8 21 1446.86 0 3 1.29416
19 2 159.606 0 3 1.04057
9 21 1085.33 0 3 1.28874
1 2 203.224 0 3 1.04113
20 2 156.879 0 3 1.04066
0 22 152.428 0 3 1.01977
10 22 935.003 0 3 1.31235
11 22 736.138 0 3 1.30557
12 22 690.08 0 3 1.30944
13 22 550.849 0 3 1.3078
14 22 548.953 0 3 1.30747
15 22 594.291 0 3 1.30731
16 22 570.444 0 3 1.30789
17 22 426.729 0 3 1.30708
18 22 325.961 0 3 1.30679
19 22 417.427 0 3 1.30722
21 2 155.821 0 3 1.04062
1 22 3888.63 0 3 1.32418
20 22 335.633 0 3 1.30885
21 22 307.241 0 3 1.308
22 22 235.69 0 3 1.30726
23 22 393.091 0 3 1.30736
24 22 358.751 0 3 1.30761
25 22 255.755 0 3 1.30787
26 22 346.844 0 3 1.30664
27 22 243.985 0 3 1.30817
28 22 204.748 0 3 1.30837
29 22 430.818 0 3 1.30645
22 2 150.492 0 3 1.04057
2 22 7374.99 0 3 1.30355
30 22 288.801 0 3 1.30724
31 22 231.362 0 3 1.30816
32 22 362.017 0 3 1.30627
33 22 202.641 0 3 1.30844
34 22 259.113 0 3 1.30812
35 22 229.327 0 3 1.30657
36 22 273.143 0 3 1.30882
37 22 229.412 0 3 1.3067
38 22 283.83 0 3 1.30784
39 22 204.796 0 3 1.30736
23 2 160.453 0 3 1.04058
3 22 6186.45 0 3 1.31833
40 22 275.4 0 3 1.30698
41 22 305.781 0 3 1.30864
42 22 161.179 0 3 1.306
43 22 290.617 0 3 1.30912
44 22 191.262 0 3 1.30585
45 22 322.067 0 3 1.30888
46 22 229.465 0 3 1.30658
47 22 240.111 0 3 1.30794
48 22 218.088 0 3 1.3072
49 22 217.606 0 3 1.30781
24 2 158.343 0 3 1.04059
4 22 6096.75 0 3 1.30089
50 22 241.48 0 3 1.30827
25 2 155.18 0 3 1.04061
5 22 2950.39 0 3 1.31165
26 2 159.589 0 3 1.04054
6 22 3115.01 0 3 1.31057
27 2 153.505 0 3 1.04063
7 22 2017.97 0 3 1.30445
28 2 152.459 0 3 1.04064
8 22 1631.43 0 3 1.31098
29 2 163.573 0 3 1.04053
9 22 1210.33 0 3 1.30518
2 2 164.374 0 3 1.04023
30 2 156.222 0 3 1.04057
0 23 152.428 0 3 1.01977
10 23 1040.02 0 3 1.32973
11 23 819.732 0 3 1.32245
12 23 759.045 0 3 1.3266
13 23 610.865 0 3 1.32482
14 23 597.773 0 3 1.32447
15 23 645.943 0 3 1.32429
16 23 618.723 0 3 1.32492
17 23 459.036 0 3 1.32405
18 23 350.162 0 3 1.32372
19 23 446.441 0 3 1.32419
31 2 155.411 0 3 1.04063
1 23 4400.01 0 3 1.34277
20 23 356.565 0 3 1.32594
21 23 325.386 0 3 1.32503
22 23 250.069 0 3 1.32423
23 23 418.113 0 3 1.32434
24 23 381.071 0 3 1.32461
25 23 267.345 0 3 1.32489
26 23 366.123 0 3 1.32357
27 23 255.884 0 3 1.32521
28 23 212.55 0 3 1.32542
29 23 457.134 0 3 1.32337
32 2 161.552 0 3 1.04052
2 23 8480.97 0 3 1.3204
30 23 303.9 0 3 1.32421
31 23 239.247 0 3 1.3252
32 23 381.071 0 3 1.32316
33 23 209.502 0 3 1.32549
34 23 270.294 0 3 1.32515
35 23 237.698 0 3 1.32349
36 23 284.258 0 3 1.32591
37 23 236.824 0 3 1.32363
38 23 296.195 0 3 1.32485
39 23 209.755 0 3 1.32433
33 2 152.986 0 3 1.04064
3 23 7036.9 0 3 1.33624
40 23 286.217 0 3 1.32393
41 23 319.104 0 3 1.32571
42 23 162.911 0 3 1.32288
43 23 303.027 0 3 1.32622
44 23 194.902 0 3 1.32271
45 23 336.803 0 3 1.32597
46 23 235.94 0 3 1.3235
47 23 248.12 0 3 1.32496
48 23 224.019 0 3 1.32416
49 23 224.101 0 3 1.32482
34 2 155.887 0 3 1.04062
4 23 6899.04 0 3 1.31746
50 23 249.166 0 3 1.32531
35 2 154.806 0 3 1.04053
5 23 3394.82 0 3 1.32902
36 2 157.675 0 3 1.04066
6 23 3529.52 0 3 1.32781
37 2 155.633 0 3 1.04054
7 23 2279.53 0 3 1.32126
38 2 157.917 0 3 1.04061
8 23 1837.05 0 3 1.32826
39 2 154.707 0 3 1.04058
9 23 1348.98 0 3 1.32206
3 2 191.46 0 3 1.0411
40 2 158.172 0 3 1.04056
0 24 152.428 0 3 1.01977
10 24 1156.43 0 3 1.34758
11 24 912.892 0 3 1.33977
12 24 835.068 0 3 1.34421
13 24 677.867 0 3 1.34229
14 24 651.435 0 3 1.34191
15 24 702.565 0 3 1.34172
16 24 671.608 0 3 1.34239
17 24 494.437 0 3 1.34145
18 24 377.081 0 3 1.34111
19 24 478.057 0 3 1.3416
41 2 159.643 0 3 1.04065
1 24 4974.48 0 3 1.36192
20 24 379.476 0 3 1.34348
21 24 345.285 0 3 1.3425
22 24 266.194 0 3 1.34165
23 24 445.341 0 3 1.34176
24 24 405.381 0 3 1.34205
25 24 280.019 0 3 1.34235
26 24 386.997 0 3 1.34093
27 24 269.022 0 3 1.34269
28 24 221.273 0 3 1.34292
29 24 485.485 0 3 1.34072
42 2 152.253 0 3 1.0405
2 24 9730.57 0 3 1.33772
30 24 320.397 0 3 1.34162
31 24 247.804 0 3 1.34268
32 24 401.541 0 3 1.3405
33 24 217.136 0 3 1.343
34 24 282.455 0 3 1.34263
35 24 246.849 0 3 1.34086
36 24 296.225 0 3 1.34344
37 24 244.852 0 3 1.34101
38 24 309.535 0 3 1.34231
39 24 215.12 0 3 1.34176
43 2 158.627 0 3 1.04068
3 24 7987.56 0 3 1.35466
40 24 297.813 0 3 1.34132
41 24 333.358 0 3 1.34323
42 24 164.89 0 3 1.3402
43 24 316.349 0 3 1.34378
44 24 198.846 0 3 1.34002
45 24 352.574 0 3 1.34351
46 24 242.86 0 3 1.34087
47 24 256.742 0 3 1.34243
48 24 230.403 0 3 1.34158
49 24 231.15 0 3 1.34228
44 2 154.219 0 3 1.04049
4 24 7793.93 0 3 1.33446
50 24 257.398 0 3 1.3428
45 2 160.453 0 3 1.04067
5 24 3893.68 0 3 1.34686
46 2 156.369 0 3 1.04053
6 24 3991.94 0 3 1.34552
47 2 156.348 0 3 1.04061
7 24 2570.53 0 3 1.3385
48 2 155.468 0 3 1.04057
8 24 2065.94 0 3 1.34599
49 2 154.941 0 3 1.04061
9 24 1502.71 0 3 1.33938
4 2 224.157 0 3 1.04015
50 2 156.787 0 3 1.04063
0 25 152.428 0 3 1.01977
10 25 1285.38 0 3 1.36591
11 25 1016.63 0 3 1.35756
12 25 918.813 0 3 1.3623
13 25 752.581 0 3 1.36023
14 25 710.387 0 3 1.35982
15 25 764.617 0 3 1.35961
16 25 729.526 0 3 1.36032
17 25 533.213 0 3 1.35933
18 25 407.001 0 3 1.35895
19 25 512.502 0 3 1.35948
1 25 5620.52 0 3 1.38166
20 25 404.549 0 3 1.36149
21 25 367.098 0 3 1.36044
22 25 284.239 0 3 1.35953
23 25 474.981 0 3 1.35965
24 25 431.859 0 3 1.35996
25 25 293.877 0 3 1.36028
26 25 409.603 0 3 1.35877
27 25 283.517 0 3 1.36065
28 25 231.014 0 3 1.36089
29 25 516.042 0 3 1.35854
2 25 11142.7 0 3 1.35551
30 25 338.422 0 3 1.3595
31 25 257.093 0 3 1.36064
32 25 423.545 0 3 1.35831
33 25 225.623 0 3 1.36098
34 25 295.682 0 3 1.36058
35 25 256.853 0 3 1.35868
36 25 309.118 0 3 1.36145
37 25 253.552 0 3 1.35884
38 25 323.935 0 3 1.36024
39 25 220.929 0 3 1.35965
3 25 9050.2 0 3 1.37361
40 25 310.253 0 3 1.35918
41 25 348.617 0 3 1.36122
42 25 167.143 0 3 1.35798
43 25 330.659 0 3 1.36181
44 25 203.121 0 3 1.35779
45 25 369.467 0 3 1.36152
46 25 250.263 0 3 1.35869
47 25 266.029 0 3 1.36036
48 25 237.28 0 3 1.35945
49 25 238.803 0 3 1.3602
4 25 8792.24 0 3 1.35191
50 25 266.224 0 3 1.36076
5 25 4453.07 0 3 1.36521
6 25 4507.61 0 3 1.36371
7 25 2894.07 0 3 1.35621
8 25 2320.6 0 3 1.36422
9 25 1673.1 0 3 1.35718
5 2 126.362 0 3 1.04078
0 26 152.428 0 3 1.01977
10 26 1428.15 0 3 1.38476
11 26 1132.08 0 3 1.37583
12 26 1011.02 0 3 1.38088
13 26 835.816 0 3 1.37865
14 26 775.119 0 3 1.37821
15 26 832.607 0 3 1.37799
16 26 792.949 0 3 1.37875
17 26 575.672 0 3 1.37768
18 26 440.235 0 3 1.37728
19 26 550.026 0 3 1.37784
1 26 6348.02 0 3 1.40201
20 26 431.982 0 3 1.37999
21 26 391.005 0 3 1.37887
22 26 304.394 0 3 1.3779
23 26 507.26 0 3 1.37802
24 26 460.696 0 3 1.37835
25 26 309.031 0 3 1.3787
26 26 434.097 0 3 1.37708
27 26 299.499 0 3 1.37909
28 26 241.881 0 3 1.37935
29 26 548.99 0 3 1.37683
2 26 12739.2 0 3 1.37381
30 26 358.115 0 3 1.37787
31 26 267.182 0 3 1.37908
32 26 447.211 0 3 1.37659
33 26 235.052 0 3 1.37944
34 26 310.073 0 3 1.37901
35 26 267.794 0 3 1.37699
36 26 323.018 0 3 1.37994
37 26 262.988 0 3 1.37716
38 26 339.491 0 3 1.37865
39 26 227.223 0 3 1.37802
3 26 10238.3 0 3 1.39311
40 26 323.611 0 3 1.37752
41 26 364.963 0 3 1.3797
42 26 169.702 0 3 1.37623
43 26 346.041 0 3 1.38033
44 26 207.761 0 3 1.37603
45 26 387.575 0 3 1.38002
46 26 258.191 0 3 1.377
47 26 276.042 0 3 1.37879
48 26 244.695 0 3 1.37781
49 26 247.116 0 3 1.37861
4 26 9906.29 0 3 1.36983
50 26 275.695 0 3 1.37921
5 26 5079.89 0 3 1.38407
6 26 5082.57 0 3 1.3824
7 26 3253.66 0 3 1.37439
8 26 2603.82 0 3 1.38294
9 26 1861.93 0 3 1.37545
6 2 172.974 0 3 1.04074
0 27 152.428 0 3 1.01977
10 27 1586.19 0 3 1.40414
11 27 1260.52 0 3 1.39461
12 27 1112.5 0 3 1.39998
13 27 928.476 0 3 1.39759
14 27 846.173 0 3 1.39711
15 27 907.096 0 3 1.39687
16 27 862.399 0 3 1.39768
17 27 622.153 0 3 1.39654
18 27 477.133 0 3 1.39611
19 27 590.902 0 3 1.39671
1 27 7168.55 0 3 1.42301
20 27 461.997 0 3 1.399
21 27 417.202 0 3 1.3978
22 27 326.868 0 3 1.39676
23 27 542.434 0 3 1.3969
24 27 492.103 0 3 1.39725
25 27 325.599 0 3 1.39762
26 27 460.645 0 3 1.39589
27 27 317.108 0 3 1.39803
28 27 253.997 0 3 1.39831
29 27 584.533 0 3 1.39563
2 27 14545.3 0 3 1.39263
30 27 379.631 0 3 1.39673
31 27 278.144 0 3 1.39802
32 27 472.681 0 3 1.39537
33 27 245.522 0 3 1.39841
34 27 325.731 0 3 1.39796
35 27 279.761 0 3 1.3958
36 27 338.015 0 3 1.39894
37 27 273.229 0 3 1.39598
38 27 356.305 0 3 1.39757
39 27 234.047 0 3 1.39689
3 27 11567.2 0 3 1.4132
40 27 337.965 0 3 1.39636
41 27 382.487 0 3 1.39869
42 27 172.602 0 3 1.39499
43 27 362.586 0 3 1.39936
44 27 212.801 0 3 1.39478
45 27 407.001 0 3 1.39903
46 27 266.69 0 3 1.39581
47 27 286.843 0 3 1.39771
48 27 252.696 0 3 1.39667
49 27 256.152 0 3 1.39753
4 27 11150.1 0 3 1.38823
50 27 285.868 0 3 1.39817
5 27 5781.96 0 3 1.40349
6 27 5723.69 0 3 1.40162
7 27 3653.23 0 3 1.39308
8 27 2918.74 0 3 1.40219
9 27 2071.2 0 3 1.39424
7 2 160.032 0 3 1.04039
0 28 152.428 0 3 1.01977
10 28 1761.1 0 3 1.42407
11 28 1403.38 0 3 1.41391
12 28 1224.16 0 3 1.41962
13 28 1031.57 0 3 1.41705
14 28 924.148 0 3 1.41654
15 28 988.705 0 3 1.41628
16 28 938.454 0 3 1.41714
17 28 673.03 0 3 1.41593
18 28 518.087 0 3 1.41546
19 28 635.433 0 3 1.4161
1 28 8095.76 0 3 1.44468
20 28 494.836 0 3 1.41854
21 28 445.906 0 3 1.41726
22 28 351.892 0 3 1.41615
23 28 580.783 0 3 1.4163
24 28 526.314 0 3 1.41667
25 28 343.715 0 3 1.41707
26 28 489.433 0 3 1.41523
27 28 336.501 0 3 1.41751
28 28 267.495 0 3 1.4178
29 28 622.894 0 3 1.41495
2 28 16590.9 0 3 1.41199
30 28 403.143 0 3 1.41612
31 28 290.061 0 3 1.4175
32 28 500.11 0 3 1.41467
33 28 257.143 0 3 1.41791
34 28 342.773 0 3 1.41743
35 28 292.856 0 3 1.41512
36 28 354.205 0 3 1.41848
37 28 284.352 0 3 1.41532
38 28 374.493 0 3 1.41701
39 28 241.454 0 3 1.41629
3 28 13054.7 0 3 1.43389
40 28 353.404 0 3 1.41573
41 28 401.286 0 3 1.41821
42 28 175.883 0 3 1.41426
43 28 380.394 0 3 1.41893
44 28 218.282 0 3 1.41404
45 28 427.858 0 3 1.41857
46 28 275.81 0 3 1.41514
47 28 298.506 0 3 1.41717
48 28 261.338 0 3 1.41606
49 28 265.978 0 3 1.41697
4 28 12539.8 0 3 1.40715
50 28 296.805 0 3 1.41765
5 28 6568.16 0 3 1.42347
6 28 6438.74 0 3 1.42138
7 28 4097.23 0 3 1.41229
8 28 3268.9 0 3 1.42199
9 28 2303.15 0 3 1.41355
8 2 162.06 0 3 1.04076
0 29 152.428 0 3 1.01977
10 29 1954.65 0 3 1.44458
11 29 1562.27 0 3 1.43375
12 29 1346.99 0 3 1.43982
13 29 1146.24 0 3 1.43707
14 29 1009.7 0 3 1.43652
15 29 1078.12 0 3 1.43624
16 29 1021.75 0 3 1.43715
17 29 728.714 0 3 1.43586
18 29 563.536 0 3 1.43536
19 29 683.947 0 3 1.43603
1 29 9145.81 0 3 1.46707
20 29 530.767 0 3 1.43864
21 29 477.357 0 3 1.43727
22 29 379.724 0 3 1.43609
23 29 622.621 0 3 1.43625
24 29 563.583 0 3 1.43664
25 29 363.526 0 3 1.43707
26 29 520.665 0 3 1.4351
27 29 357.85 0 3 1.43754
28 29 282.528 0 3 1.43785
29 29 664.317 0 3 1.4348
2 29 18910.5 0 3 1.43192
30 29 428.839 0 3 1.43606
31 29 303.023 0 3 1.43752
32 29 529.669 0 3 1.43451
33 29 270.039 0 3 1.43797
34 29 361.327 0 3 1.43745
35 29 307.187 0 3 1.43499
36 29 371.698 0 3 1.43857
37 29 296.442 0 3 1.4352
38 29 394.179 0 3 1.43701
39 29 249.497 0 3 1.43624
3 29 14721.2 0 3 1.45523
40 29 370.022 0 3 1.43563
41 29 421.468 0 3 1.43828
42 29 179.587 0 3 1.43407
43 29 399.578 0 3 1.43904
44 29 224.246 0 3 1.43384
45 29 450.271 0 3 1.43867
46 29 285.607 0 3 1.43501
47 29 311.107 0 3 1.43717
48 29 270.679 0 3 1.43599
49 29 276.668 0 3 1.43696
4 29 14093.9 0 3 1.4266
50 29 308.576 0 3 1.43769
5 29 7448.65 0 3 1.44406
6 29 7236.61 0 3 1.44172
7 29 4590.69 0 3 1.43205
8 29 3658.31 0 3 1.44236
9 29 2560.31 0 3 1.43341
9 2 165.715 0 3 1.0404
0 30 152.428 0 3 1.01977
10 30 2168.88 0 3 1.4657
11 30 1739.03 0 3 1.45417
12 30 1482.13 0 3 1.46061
13 30 1273.76 0 3 1.45766
14 30 1103.57 0 3 1.45707
15 30 1176.09 0 3 1.45677
16 30 1113.01 0 3 1.45773
17 30 789.661 0 3 1.45636
18 30 613.972 0 3 1.45582
19 30 736.81 0 3 1.45654
1 30 10338 0 3 1.49022
20 30 570.084 0 3 1.45931
21 30 511.818 0 3 1.45785
22 30 410.646 0 3 1.4566
23 30 668.299 0 3 1.45676
24 30 604.191 0 3 1.45719
25 30 385.193 0 3 1.45764
26 30 554.565 0 3 1.45555
27 30 381.347 0 3 1.45814
28 30 299.264 0 3 1.45847
29 30 709.073 0 3 1.45523
2 30 21545.1 0 3 1.45244
30 30 456.928 0 3 1.45656
31 30 317.128 0 3 1.45812
32 30 561.546 0 3 1.45491
33 30 284.345 0 3 1.45859
34 30 381.533 0 3 1.45804
35 30 322.88 0 3 1.45543
36 30 390.612 0 3 1.45923
37 30 309.594 0 3 1.45565
38 30 415.504 0 3 1.45757
39 30 258.239 0 3 1.45676
3 30 16590.6 0 3 1.47723
40 30 387.927 0 3 1.45611
41 30 443.153 0 3 1.45892
42 30 183.765 0 3 1.45445
43 30 420.257 0 3 1.45974
44 30 230.743 0 3 1.4542
45 30 474.376 0 3 1.45934
46 30 296.142 0 3 1.45545
47 30 324.734 0 3 1.45775
48 30 280.786 0 3 1.45649
49 30 288.306 0 3 1.45752
4 30 15833.6 0 3 1.4466
50 30 321.257 0 3 1.4583
5 30 8435.04 0 3 1.46527
6 30 8127.45 0 3 1.46264
7 30 5139.33 0 3 1.45237
8 30 4091.51 0 3 1.46333
9 30 2845.54 0 3 1.45385
0 3 152.428 0 3 1.01977
10 3 165.263 0 3 1.0517
0 31 152.428 0 3 1.01977
10 31 2406.03 0 3 1.48744
11 31 1935.73 0 3 1.47518
12 31 1630.8 0 3 1.48202
13 31 1415.57 0 3 1.47885
14 31 1206.56 0 3 1.47822
15 31 1283.48 0 3 1.4779
16 31 1213.01 0 3 1.47892
17 31 856.374 0 3 1.47746
18 31 669.952 0 3 1.47688
19 31 794.42 0 3 1.47764
11 3 156.666 0 3 1.0511
1 31 11695.4 0 3 1.51417
20 31 613.116 0 3 1.48059
21 31 549.584 0 3 1.47903
22 31 444.972 0 3 1.4777
23 31 718.209 0 3 1.47787
24 31 648.447 0 3 1.47833
25 31 408.895 0 3 1.4788
26 31 591.382 0 3 1.47658
27 31 407.202 0 3 1.47933
28 31 317.895 0 3 1.47969
29 31 757.458 0 3 1.47624
12 3 163.275 0 3 1.05146
2 31 24543.4 0 3 1.47359
30 31 487.64 0 3 1.47766
31 31 332.487 0 3 1.47932
32 31 595.947 0 3 1.47591
33 31 300.214 0 3 1.47982
34 31 403.547 0 3 1.47923
35 31 340.07 0 3 1.47645
36 31 411.078 0 3 1.4805
37 31 323.911 0 3 1.47669
38 31 438.622 0 3 1.47874
39 31 267.748 0 3 1.47787
13 3 151.363 0 3 1.05133
3 31 18690.6 0 3 1.49994
40 31 407.235 0 3 1.47718
41 31 466.469 0 3 1.48017
42 31 188.468 0 3 1.47542
43 31 442.565 0 3 1.48104
44 31 237.827 0 3 1.47515
45 31 500.325 0 3 1.48061
46 31 307.482 0 3 1.47647
47 31 339.48 0 3 1.47892
48 31 291.73 0 3 1.47758
49 31 300.983 0 3 1.47868
14 3 163.034 0 3 1.05131
4 31 17783.7 0 3 1.46717
50 31 334.931 0 3 1.4795
15 3 168.057 0 3 1.05129
5 31 9540.71 0 3 1.48715
16 3 167.969 0 3 1.05135
6 31 9122.94 0 3 1.4842
17 3 161.559 0 3 1.05128
7 31 5749.65 0 3 1.4733
18 3 154.539 0 3 1.05125
8 31 4573.64 0 3 1.48492
19 3 163.905 0 3 1.05129
9 31 3162.1 0 3 1.47489
1 3 239.094 0 3 1.05218
20 3 159.596 0 3 1.05144
0 32 152.428 0 3 1.01977
10 32 2668.67 0 3 1.50985
11 32 2154.73 0 3 1.49681
12 32 1794.4 0 3 1.50406
13 32 1573.28 0 3 1.50067
14 32 1319.58 0 3 1.49999
15 32 1401.2 0 3 1.49964
16 32 1322.63 0 3 1.50072
17 32 929.409 0 3 1.49917
18 32 732.099 0 3 1.49855
19 32 857.221 0 3 1.49936
21 3 157.942 0 3 1.05136
1 32 13246.1 0 3 1.53897
20 32 660.225 0 3 1.50249
21 32 590.978 0 3 1.50084
22 32 483.051 0 3 1.49942
23 32 772.79 0 3 1.49961
24 32 696.695 0 3 1.50009
25 32 434.831 0 3 1.5006
26 32 631.388 0 3 1.49824
27 32 435.648 0 3 1.50116
28 32 338.634 0 3 1.50154
29 32 809.797 0 3 1.49787
22 3 149.856 0 3 1.0513
2 32 27963 0 3 1.49539
30 32 521.231 0 3 1.49938
31 32 349.221 0 3 1.50114
32 32 633.099 0 3 1.49752
33 32 317.819 0 3 1.50168
34 32 427.538 0 3 1.50105
35 32 358.908 0 3 1.4981
36 32 433.241 0 3 1.5024
37 32 339.508 0 3 1.49835
38 32 463.703 0 3 1.50052
39 32 278.1 0 3 1.4996
23 3 165.043 0 3 1.05131
3 32 21053.8 0 3 1.52339
40 32 428.077 0 3 1.49887
41 32 491.56 0 3 1.50205
42 32 193.76 0 3 1.49699
43 32 466.651 0 3 1.50298
44 32 245.557 0 3 1.49671
45 32 528.285 0 3 1.50252
46 32 319.703 0 3 1.49812
47 32 355.453 0 3 1.50072
48 32 303.592 0 3 1.49929
49 32 314.801 0 3 1.50047
24 3 161.834 0 3 1.05133
4 32 19973 0 3 1.48836
50 32 349.694 0 3 1.50134
25 3 156.818 0 3 1.05135
5 32 10781.1 0 3 1.50973
26 3 163.617 0 3 1.05124
6 32 10236.6 0 3 1.5064
27 3 154.316 0 3 1.05138
7 32 6429.09 0 3 1.49484
28 3 152.63 0 3 1.05139
8 32 5110.58 0 3 1.50716
29 3 169.773 0 3 1.05123
9 32 3513.66 0 3 1.49655
2 3 192.313 0 3 1.05078
30 3 158.461 0 3 1.0513
0 33 152.428 0 3 1.01977
10 33 2959.67 0 3 1.53295
11 33 2398.72 0 3 1.5191
12 33 1974.48 0 3 1.52677
13 33 1748.75 0 3 1.52314
14 33 1443.61 0 3 1.52241
15 33 1530.31 0 3 1.52205
16 33 1442.86 0 3 1.52319
17 33 1009.38 0 3 1.52154
18 33 801.124 0 3 1.52087
19 33 925.701 0 3 1.52173
31 3 157.068 0 3 1.05138
1 33 15024.3 0 3 1.56467
20 33 711.811 0 3 1.52506
21 33 636.36 0 3 1.5233
22 33 525.269 0 3 1.52179
23 33 832.537 0 3 1.52199
24 33 749.31 0 3 1.5225
25 33 463.219 0 3 1.52304
26 33 674.886 0 3 1.52053
27 33 466.942 0 3 1.52364
28 33 361.725 0 3 1.52404
29 33 866.45 0 3 1.52015
32 3 166.555 0 3 1.05121
2 33 31873.7 0 3 1.51787
30 33 557.984 0 3 1.52175
31 33 367.464 0 3 1.52362
32 33 673.254 0 3 1.51977
33 33 337.349 0 3 1.52419
34 33 453.698 0 3 1.52352
35 33 379.563 0 3 1.52038
36 33 457.261 0 3 1.52495
37 33 356.516 0 3 1.52066
38 33 490.937 0 3 1.52296
39 33 289.377 0 3 1.52199
33 3 153.396 0 3 1.0514
3 33 23718.8 0 3 1.54761
40 33 450.596 0 3 1.5212
41 33 518.584 0 3 1.52458
42 33 199.707 0 3 1.51921
43 33 492.678 0 3 1.52557
44 33 254.002 0 3 1.51891
45 33 558.44 0 3 1.52508
46 33 332.886 0 3 1.52041
47 33 372.768 0 3 1.52317
48 33 316.462 0 3 1.52165
49 33 329.872 0 3 1.5229
34 3 157.868 0 3 1.05137
4 33 22434.9 0 3 1.51017
50 33 365.647 0 3 1.52383
35 3 156.168 0 3 1.05124
5 33 12174.2 0 3 1.53303
36 3 160.54 0 3 1.05143
6 33 11483.9 0 3 1.52928
37 3 157.382 0 3 1.05125
7 33 7186.2 0 3 1.51705
38 3 160.932 0 3 1.05135
8 33 5709.08 0 3 1.53009
39 3 155.937 0 3 1.0513
9 33 3904.43 0 3 1.51887
3 3 229.79 0 3 1.05211
40 3 161.279 0 3 1.05127
0 34 152.428 0 3 1.01977
10 34 3282.32 0 3 1.55677
11 34 2670.82 0 3 1.54206
12 34 2172.79 0 3 1.55019
13 34 1944.06 0 3 1.5463
14 34 1579.78 0 3 1.54552
15 34 1671.96 0 3 1.54513
16 34 1574.8 0 3 1.54633
17 34 1096.98 0 3 1.54459
18 34 877.829 0 3 1.54387
19 34 1000.4 0 3 1.54477
41 3 163.549 0 3 1.05142
1 34 17072.3 0 3 1.59135
20 34 768.32 0 3 1.54831
21 34 686.132 0 3 1.54644
22 34 572.056 0 3 1.54484
23 34 898.008 0 3 1.54505
24 34 806.71 0 3 1.54559
25 34 494.303 0 3 1.54617
26 34 722.213 0 3 1.5435
27 34 501.373 0 3 1.5468
28 34 387.443 0 3 1.54722
29 34 927.814 0 3 1.54309
42 3 152.174 0 3 1.05119
2 34 36359.3 0 3 1.54107
30 34 598.212 0 3 1.54479
31 34 387.364 0 3 1.54678
32 34 716.69 0 3 1.5427
33 34 359.021 0 3 1.54739
34 34 482.235 0 3 1.54668
35 34 402.224 0 3 1.54335
36 34 483.316 0 3 1.5482
37 34 375.075 0 3 1.54364
38 34 520.532 0 3 1.54608
39 34 301.674 0 3 1.54505
43 3 162 0 3 1.05146
3 34 26731.3 0 3 1.57267
40 34 474.953 0 3 1.54421
41 34 547.714 0 3 1.5478
42 34 206.385 0 3 1.5421
43 34 520.825 0 3 1.54885
44 34 263.234 0 3 1.54178
45 34 590.995 0 3 1.54833
46 34 347.125 0 3 1.54337
47 34 391.554 0 3 1.54631
48 34 330.437 0 3 1.54469
49 34 346.32 0 3 1.54602
44 3 155.169 0 3 1.05117
4 34 25209.1 0 3 1.53264
50 34 382.907 0 3 1.547
45 3 164.792 0 3 1.05144
5 34 13740.9 0 3 1.55712
46 3 158.462 0 3 1.05124
6 34 12883.2 0 3 1.55287
47 3 158.468 0 3 1.05136
7 34 8030.84 0 3 1.53993
48 3 157.098 0 3 1.05129
8 34 6376.84 0 3 1.55373
49 3 156.32 0 3 1.05135
9 34 4339.24 0 3 1.54188
4 3 277.202 0 3 1.05065
50 3 159.117 0 3 1.05139
0 35 152.428 0 3 1.01977
10 35 3640.32 0 3 1.58135
11 35 2974.58 0 3 1.56573
12 35 2391.27 0 3 1.57434
13 35 2161.6 0 3 1.57018
14 35 1729.32 0 3 1.56934
15 35 1827.45 0 3 1.56892
16 35 1719.69 0 3 1.5702
17 35 1192.96 0 3 1.56834
18 35 963.131 0 3 1.56758
19 35 1081.91 0 3 1.56853
1 35 19442.8 0 3 1.61908
20 35 830.249 0 3 1.57228
21 35 740.737 0 3 1.57029
22 35 623.891 0 3 1.5686
23 35 969.835 0 3 1.56882
24 35 869.357 0 3 1.56939
25 35 528.352 0 3 1.57
26 35 773.739 0 3 1.56718
27 35 539.257 0 3 1.57067
28 35 416.099 0 3 1.57113
29 35 994.328 0 3 1.56674
2 35 41522.5 0 3 1.56501
30 35 642.263 0 3 1.56855
31 35 409.088 0 3 1.57066
32 35 763.713 0 3 1.56632
33 35 383.076 0 3 1.57131
34 35 513.382 0 3 1.57055
35 35 427.099 0 3 1.56701
36 35 511.604 0 3 1.57216
37 35 395.345 0 3 1.56732
38 35 552.724 0 3 1.56991
39 35 315.093 0 3 1.56882
3 35 30146.5 0 3 1.59859
40 35 501.324 0 3 1.56793
41 35 579.143 0 3 1.57174
42 35 213.879 0 3 1.56568
43 35 551.292 0 3 1.57286
44 35 273.338 0 3 1.56535
45 35 626.177 0 3 1.57231
46 35 362.52 0 3 1.56704
47 35 411.955 0 3 1.57016
48 35 345.628 0 3 1.56844
49 35 364.285 0 3 1.56985
4 35 28342.1 0 3 1.5558
50 35 401.601 0 3 1.57089
5 35 15505.9 0 3 1.58202
6 35 14455.9 0 3 1.57721
7 35 8974.43 0 3 1.56354
8 35 7122.79 0 3 1.57811
9 35 4823.61 0 3 1.56561
5 3 123.436 0 3 1.05161
0 36 152.428 0 3 1.01977
10 36 4037.93 0 3 1.60673
11 36 3314.15 0 3 1.59015
12 36 2632.13 0 3 1.59925
13 36 2404.09 0 3 1.59481
14 36 1893.61 0 3 1.59392
15 36 1998.23 0 3 1.59346
16 36 1878.91 0 3 1.59481
17 36 1298.17 0 3 1.59284
18 36 1058.08 0 3 1.59202
19 36 1170.9 0 3 1.59303
1 36 22202.5 0 3 1.64795
20 36 898.148 0 3 1.59701
21 36 800.674 0 3 1.5949
22 36 681.306 0 3 1.5931
23 36 1048.74 0 3 1.59334
24 36 937.764 0 3 1.59394
25 36 565.666 0 3 1.59459
26 36 829.878 0 3 1.59159
27 36 580.949 0 3 1.5953
28 36 448.05 0 3 1.59578
29 36 1066.48 0 3 1.59113
2 36 47489.4 0 3 1.58974
30 36 690.526 0 3 1.59304
31 36 432.818 0 3 1.59528
32 36 814.664 0 3 1.59069
33 36 409.788 0 3 1.59597
34 36 547.396 0 3 1.59516
35 36 454.423 0 3 1.59141
36 36 542.343 0 3 1.59687
37 36 417.504 0 3 1.59175
38 36 587.773 0 3 1.59449
39 36 329.751 0 3 1.59333
3 36 34030.9 0 3 1.62544
40 36 529.909 0 3 1.59239
41 36 613.083 0 3 1.59643
42 36 222.285 0 3 1.59
43 36 584.3 0 3 1.59762
44 36 284.406 0 3 1.58965
45 36 664.238 0 3 1.59703
46 36 379.184 0 3 1.59144
47 36 434.129 0 3 1.59475
48 36 362.157 0 3 1.59293
49 36 383.92 0 3 1.59442
4 36 31889.5 0 3 1.57968
50 36 421.873 0 3 1.59553
5 36 17498.3 0 3 1.60779
6 36 16227.1 0 3 1.60233
7 36 10030.2 0 3 1.58791
8 36 7957.26 0 3 1.60328
9 36 5363.92 0 3 1.59009
6 3 192.345 0 3 1.05155
0 37 152.428 0 3 1.01977
10 37 4480 0 3 1.63294
11 37 3694.36 0 3 1.61535
12 37 2897.86 0 3 1.62498
13 37 2674.67 0 3 1.62023
14 37 2074.22 0 3 1.61927
15 37 2185.92 0 3 1.61879
16 37 2054.04 0 3 1.6202
17 37 1413.56 0 3 1.61812
18 37 1163.86 0 3 1.61724
19 37 1268.1 0 3 1.6183
1 37 25437.1 0 3 1.67806
20 37 972.633 0 3 1.62253
21 37 866.495 0 3 1.62028
22 37 744.896 0 3 1.61838
23 37 1135.53 0 3 1.61863
24 37 1012.5 0 3 1.61927
25 37 606.579 0 3 1.61996
26 37 891.09 0 3 1.61678
27 37 626.843 0 3 1.62071
28 37 483.703 0 3 1.62122
29 37 1144.81 0 3 1.61628
2 37 54416.7 0 3 1.6153
30 37 743.432 0 3 1.61832
31 37 458.759 0 3 1.62069
32 37 869.921 0 3 1.61582
33 37 439.465 0 3 1.62143
34 37 584.564 0 3 1.62057
35 37 484.458 0 3 1.61659
36 37 575.776 0 3 1.62238
37 37 441.749 0 3 1.61694
38 37 625.968 0 3 1.61985
39 37 345.774 0 3 1.61863
3 37 38466.4 0 3 1.65327
40 37 560.927 0 3 1.61762
41 37 649.768 0 3 1.6219
42 37 231.711 0 3 1.61509
43 37 620.095 0 3 1.62317
44 37 296.542 0 3 1.61472
45 37 705.459 0 3 1.62255
46 37 397.245 0 3 1.61662
47 37 458.254 0 3 1.62013
48 37 380.159 0 3 1.61819
49 37 405.398 0 3 1.61978
4 37 35917.6 0 3 1.60431
50 37 443.88 0 3 1.62095
5 37 19753 0 3 1.63449
6 37 18227 0 3 1.62828
7 37 11213.9 0 3 1.61307
8 37 8892.28 0 3 1.62927
9 37 5967.56 0 3 1.61536
7 3 169.992 0 3 1.05101
0 38 152.428 0 3 1.01977
10 38 4972.12 0 3 1.66002
11 38 4120.88 0 3 1.64138
12 38 3191.27 0 3 1.65155
13 38 2976.95 0 3 1.64648
14 38 2272.86 0 3 1.64545
15 38 2392.34 0 3 1.64493
16 38 2246.84 0 3 1.64642
17 38 1540.17 0 3 1.64422
18 38 1281.87 0 3 1.64327
19 38 1374.32 0 3 1.6444
1 38 29258.3 0 3 1.70954
20 38 1054.39 0 3 1.64888
21 38 938.822 0 3 1.64649
22 38 815.326 0 3 1.64447
23 38 1231.16 0 3 1.64474
24 38 1094.19 0 3 1.64541
25 38 651.464 0 3 1.64615
26 38 957.886 0 3 1.64278
27 38 677.378 0 3 1.64694
28 38 523.528 0 3 1.64749
29 38 1229.91 0 3 1.64225
2 38 62501.5 0 3 1.64173
30 38 801.463 0 3 1.64441
31 38 487.139 0 3 1.64692
32 38 929.905 0 3 1.64176
33 38 472.457 0 3 1.64771
34 38 625.205 0 3 1.64679
35 38 517.499 0 3 1.64257
36 38 612.175 0 3 1.64871
37 38 468.302 0 3 1.64295
38 38 667.635 0 3 1.64603
39 38 363.307 0 3 1.64473
3 38 43553.9 0 3 1.68215
40 38 594.626 0 3 1.64367
41 38 689.459 0 3 1.64821
42 38 242.276 0 3 1.64098
43 38 658.95 0 3 1.64955
44 38 309.862 0 3 1.64059
45 38 750.154 0 3 1.64889
46 38 416.841 0 3 1.64261
47 38 484.526 0 3 1.64633
48 38 399.788 0 3 1.64427
49 38 428.91 0 3 1.64596
4 38 40506.5 0 3 1.62974
50 38 467.803 0 3 1.6472
5 38 22311.7 0 3 1.66216
6 38 20491.6 0 3 1.65508
7 38 12543.6 0 3 1.63908
8 38 9941.94 0 3 1.65612
9 38 6643.13 0 3 1.64147
8 3 171.498 0 3 1.05158
0 39 152.428 0 3 1.01977
10 39 5520.75 0 3 1.68803
11 39 4600.43 0 3 1.66826
12 39 3515.57 0 3 1.67901
13 39 3315.1 0 3 1.67359
14 39 2491.51 0 3 1.67249
15 39 2619.54 0 3 1.67194
16 39 2459.35 0 3 1.67351
17 39 1679.19 0 3 1.67118
18 39 1413.71 0 3 1.67016
19 39 1490.48 0 3 1.67134
1 39 33815.4 0 3 1.74257
20 39 1144.19 0 3 1.67609
21 39 1018.35 0 3 1.67356
22 39 893.34 0 3 1.67142
23 39 1336.71 0 3 1.6717
24 39 1183.55 0 3 1.67241
25 39 700.737 0 3 1.6732
26 39 1030.84 0 3 1.66963
27 39 733.044 0 3 1.67404
28 39 568.067 0 3 1.67461
29 39 1322.44 0 3 1.66907
2 39 71994.9 0 3 1.66906
30 39 865.156 0 3 1.67135
31 39 518.213 0 3 1.67402
32 39 995.081 0 3 1.66854
33 39 509.161 0 3 1.67485
34 39 669.675 0 3 1.67388
35 39 553.874 0 3 1.6694
36 39 651.842 0 3 1.67592
37 39 497.411 0 3 1.66981
38 39 713.136 0 3 1.67308
39 39 382.51 0 3 1.6717
3 39 49420.5 0 3 1.71216
40 39 631.282 0 3 1.67056
41 39 732.447 0 3 1.67538
42 39 254.117 0 3 1.66772
43 39 701.169 0 3 1.67681
44 39 324.496 0 3 1.66731
45 39 798.673 0 3 1.67611
46 39 438.13 0 3 1.66945
47 39 513.166 0 3 1.67339
48 39 421.212 0 3 1.67121
49 39 454.67 0 3 1.673
4 39 45753.7 0 3 1.656
50 39 493.839 0 3 1.67431
5 39 25225.2 0 3 1.69088
6 39 23064.7 0 3 1.68278
7 39 14041.3 0 3 1.66597
8 39 11122.8 0 3 1.68389
9 39 7400.65 0 3 1.66844
9 3 175.504 0 3 1.05103
0 40 152.428 0 3 1.01977
10 40 6133.34 0 3 1.717
11 40 5141.04 0 3 1.69605
12 40 3874.4 0 3 1.7074
13 40 3694 0 3 1.70162
14 40 2732.34 0 3 1.70044
15 40 2869.83 0 3 1.69985
16 40 2693.88 0 3 1.7015
17 40 1831.93 0 3 1.69903
18 40 1561.24 0 3 1.69794
19 40 1617.59 0 3 1.69919
1 40 39312.2 0 3 1.77735
20 40 1242.89 0 3 1.70423
21 40 1105.86 0 3 1.70153
22 40 979.77 0 3 1.69927
23 40 1453.44 0 3 1.69957
24 40 1281.36 0 3 1.70032
25 40 754.862 0 3 1.70115
26 40 1110.58 0 3 1.69737
27 40 794.391 0 3 1.70204
28 40 617.951 0 3 1.70265
29 40 1423.16 0 3 1.69677
2 40 83221.2 0 3 1.69736
30 40 935.113 0 3 1.6992
31 40 552.264 0 3 1.70202
32 40 1065.97 0 3 1.69622
33 40 550.03 0 3 1.70291
34 40 718.37 0 3 1.70187
35 40 593.955 0 3 1.69712
36 40 695.115 0 3 1.70403
37 40 529.354 0 3 1.69756
38 40 762.881 0 3 1.70102
39 40 403.563 0 3 1.69956
3 40 56228.5 0 3 1.74338
40 40 671.207 0 3 1.69836
41 40 779.052 0 3 1.70346
42 40 267.387 0 3 1.69534
43 40 747.092 0 3 1.70498
44 40 340.591 0 3 1.6949
45 40 851.409 0 3 1.70423
46 40 461.287 0 3 1.69717
47 40 544.419 0 3 1.70136
48 40 444.621 0 3 1.69904
49 40 482.919 0 3 1.70094
4 40 51778.7 0 3 1.68313
50 40 522.215 0 3 1.70233
5 40 28556.3 0 3 1.72072
6 40 26000.2 0 3 1.71144
7 40 15733 0 3 1.69381
8 40 12454.7 0 3 1.7126
9 40 8251.96 0 3 1.69633
0 4 152.428 0 3 1.01977
10 4 173.016 0 3 1.0628
0 41 152.428 0 3 1.01977
10 41 6818.63 0 3 1.747
11 41 5752.45 0 3 1.72479
12 41 4271.93 0 3 1.73678
13 41 4119.35 0 3 1.7306
14 41 2997.85 0 3 1.72934
15 41 3145.82 0 3 1.72871
16 41 2953.08 0 3 1.73045
17 41 1999.88 0 3 1.72784
18 41 1726.65 0 3 1.72666
19 41 1756.78 0 3 1.72798
11 4 160.782 0 3 1.06198
1 41 46035.8 0 3 1.81414
20 41 1351.45 0 3 1.73332
21 41 1202.23 0 3 1.73046
22 41 1075.55 0 3 1.72806
23 41 1582.81 0 3 1.72838
24 41 1388.49 0 3 1.72917
25 41 814.362 0 3 1.73006
26 41 1197.83 0 3 1.72605
27 41 862.033 0 3 1.731
28 41 673.917 0 3 1.73165
29 41 1532.89 0 3 1.72541
12 4 169.315 0 3 1.06247
2 41 96606.7 0 3 1.72666
30 41 1012.01 0 3 1.72798
31 41 589.611 0 3 1.73098
32 41 1143.16 0 3 1.72483
33 41 595.583 0 3 1.73192
34 41 771.733 0 3 1.73082
35 41 638.161 0 3 1.72578
36 41 742.373 0 3 1.73311
37 41 564.443 0 3 1.72625
38 41 817.326 0 3 1.72992
39 41 426.666 0 3 1.72837
13 4 152.983 0 3 1.06229
3 41 64189.5 0 3 1.77591
40 41 714.751 0 3 1.72709
41 41 829.634 0 3 1.7325
42 41 282.258 0 3 1.72389
43 41 797.098 0 3 1.73412
44 41 358.31 0 3 1.72343
45 41 908.802 0 3 1.73332
46 41 486.509 0 3 1.72584
47 41 578.561 0 3 1.73027
48 41 470.229 0 3 1.72782
49 41 513.924 0 3 1.72983
14 4 168.265 0 3 1.06226
4 41 58729.8 0 3 1.71118
50 41 553.18 0 3 1.73131
15 4 175.018 0 3 1.06224
5 41 32382.9 0 3 1.75175
16 4 174.781 0 3 1.06231
6 41 29365.4 0 3 1.74109
17 4 165.72 0 3 1.06222
7 41 17650 0 3 1.72265
18 4 156.01 0 3 1.06218
8 41 13961 0 3 1.74232
19 4 168.73 0 3 1.06224
9 41 9211.01 0 3 1.7252
1 4 282.821 0 3 1.06348
20 4 162.681 0 3 1.06243
0 42 152.428 0 3 1.01977
10 42 7586.83 0 3 1.77807
11 42 6446.63 0 3 1.75453
12 42 4712.92 0 3 1.76719
13 42 4597.87 0 3 1.7606
14 42 3290.83 0 3 1.75925
15 42 3450.46 0 3 1.75857
16 42 3240.03 0 3 1.7604
17 42 2184.7 0 3 1.75764
18 42 1912.5 0 3 1.75637
19 42 1909.32 0 3 1.75776
21 4 160.382 0 3 1.06233
1 42 54405.2 0 3 1.85332
20 42 1470.97 0 3 1.76342
21 42 1308.45 0 3 1.76039
22 42 1181.74 0 3 1.75784
23 42 1726.57 0 3 1.75818
24 42 1505.93 0 3 1.75902
25 42 879.82 0 3 1.75996
26 42 1293.39 0 3 1.75571
27 42 936.659 0 3 1.76096
28 42 736.84 0 3 1.76165
29 42 1652.54 0 3 1.75503
22 4 149.478 0 3 1.06224
2 42 112723 0 3 1.75703
30 42 1096.6 0 3 1.75776
31 42 630.61 0 3 1.76094
32 42 1227.3 0 3 1.75442
33 42 646.413 0 3 1.76194
34 42 830.26 0 3 1.76076
35 42 686.965 0 3 1.75543
36 42 794.04 0 3 1.76319
37 42 603.031 0 3 1.75593
38 42 876.989 0 3 1.75981
39 42 452.045 0 3 1.75818
23 4 170.063 0 3 1.06225
3 42 73585.4 0 3 1.80986
40 42 762.309 0 3 1.75681
41 42 884.592 0 3 1.76255
42 42 298.928 0 3 1.75342
43 42 851.611 0 3 1.76427
44 42 377.841 0 3 1.75294
45 42 971.347 0 3 1.76342
46 42 514.015 0 3 1.75549
47 42 615.898 0 3 1.76019
48 42 498.275 0 3 1.75758
49 42 547.987 0 3 1.75972
24 4 165.724 0 3 1.06229
4 42 66793.3 0 3 1.74018
50 42 587.021 0 3 1.76128
25 4 158.656 0 3 1.06232
5 42 36804 0 3 1.78407
26 4 167.978 0 3 1.06217
6 42 33245.5 0 3 1.7718
27 4 155.336 0 3 1.06235
7 42 19830.7 0 3 1.75255
28 4 152.927 0 3 1.06238
8 42 15670.3 0 3 1.7731
29 4 176.435 0 3 1.06215
9 42 10294.4 0 3 1.75507
2 4 236.989 0 3 1.06155
30 4 160.959 0 3 1.06224
0 43 152.428 0 3 1.01977
10 43 8449.99 0 3 1.81027
11 43 7238.56 0 3 1.78533
12 43 5202.9 0 3 1.79869
13 43 5137.53 0 3 1.79166
14 43 3614.48 0 3 1.79021
15 43 3787.09 0 3 1.78949
16 43 3558.31 0 3 1.79141
17 43 2388.28 0 3 1.78849
18 43 2121.87 0 3 1.78712
19 43 2076.61 0 3 1.78859
31 4 158.855 0 3 1.06235
1 43 65060.6 0 3 1.89539
20 43 1602.67 0 3 1.79459
21 43 1425.64 0 3 1.79137
22 43 1299.51 0 3 1.78867
23 43 1886.76 0 3 1.78903
24 43 1634.77 0 3 1.78992
25 43 951.893 0 3 1.79091
26 43 1398.16 0 3 1.78641
27 43 1019.04 0 3 1.79197
28 43 807.758 0 3 1.7927
29 43 1783.16 0 3 1.78569
32 4 171.885 0 3 1.06212
2 43 132357 0 3 1.78852
30 43 1189.74 0 3 1.78859
31 43 675.662 0 3 1.79195
32 43 1319.12 0 3 1.78505
33 43 703.208 0 3 1.79302
34 43 894.509 0 3 1.79177
35 43 740.902 0 3 1.78611
36 43 850.591 0 3 1.79434
37 43 645.513 0 3 1.78664
38 43 942.452 0 3 1.79076
39 43 479.956 0 3 1.78903
33 4 153.912 0 3 1.06238
3 43 84803.7 0 3 1.84539
40 43 814.327 0 3 1.78758
41 43 944.375 0 3 1.79366
42 43 317.616 0 3 1.78398
43 43 911.107 0 3 1.79548
44 43 399.39 0 3 1.78347
45 43 1039.6 0 3 1.79459
46 43 544.053 0 3 1.78618
47 43 656.778 0 3 1.79116
48 43 529.028 0 3 1.78839
49 43 585.449 0 3 1.79066
34 4 160.042 0 3 1.06235
4 43 76205.9 0 3 1.77018
50 43 624.058 0 3 1.79232
35 4 157.667 0 3 1.06216
5 43 41947.4 0 3 1.81778
36 4 163.591 0 3 1.06243
6 43 37751.6 0 3 1.80361
37 4 159.247 0 3 1.06218
7 43 22322.3 0 3 1.78359
38 4 164.154 0 3 1.06231
8 43 17617.1 0 3 1.805
39 4 157.243 0 3 1.06225
9 43 11522.1 0 3 1.78603
3 4 282.292 0 3 1.06336
40 4 164.566 0 3 1.06221
0 44 152.428 0 3 1.01977
10 44 9422.45 0 3 1.84367
11 44 8147.54 0 3 1.81724
12 44 5748.2 0 3 1.83134
13 44 5747.89 0 3 1.82384
14 44 3972.39 0 3 1.82228
15 44 4159.54 0 3 1.82152
16 44 3912.15 0 3 1.82353
17 44 2612.72 0 3 1.82044
18 44 2358.44 0 3 1.81897
19 44 2260.26 0 3 1.82052
41 4 167.681 0 3 1.06241
1 44 79037.9 0 3 1.94108
20 44 1747.92 0 3 1.82689
21 44 1555.08 0 3 1.82346
22 44 1430.21 0 3 1.82061
23 44 2065.89 0 3 1.82098
24 44 1776.25 0 3 1.82192
25 44 1031.32 0 3 1.82298
26 44 1513.15 0 3 1.81821
27 44 1110.06 0 3 1.8241
28 44 887.929 0 3 1.82487
29 44 1925.9 0 3 1.81744
42 4 152.115 0 3 1.06209
2 44 156615 0 3 1.82118
30 44 1292.39 0 3 1.82051
31 44 725.219 0 3 1.82408
32 44 1419.43 0 3 1.81676
33 44 766.764 0 3 1.82522
34 44 965.105 0 3 1.82388
35 44 800.578 0 3 1.81789
36 44 912.563 0 3 1.82661
37 44 692.337 0 3 1.81845
38 44 1014.38 0 3 1.82281
39 44 510.684 0 3 1.82098
43 4 165.584 0 3 1.06247
3 44 98396.3 0 3 1.88267
40 44 871.315 0 3 1.81944
41 44 1009.48 0 3 1.82589
42 44 338.575 0 3 1.81563
43 44 976.121 0 3 1.82783
44 44 423.196 0 3 1.81509
45 44 1114.21 0 3 1.82687
46 44 576.903 0 3 1.81796
47 44 701.59 0 3 1.82324
48 44 562.792 0 3 1.8203
49 44 626.69 0 3 1.82271
44 4 156.17 0 3 1.06207
4 44 87274.2 0 3 1.80123
50 44 664.655 0 3 1.82446
45 4 169.379 0 3 1.06244
5 44 47982.5 0 3 1.85298
46 4 160.658 0 3 1.06216
6 44 43032.4 0 3 1.83658
47 4 160.719 0 3 1.06232
7 44 25183.7 0 3 1.81585
48 4 158.821 0 3 1.06224
8 44 19844.3 0 3 1.83808
49 4 157.805 0 3 1.06231
9 44 12918.1 0 3 1.81812
4 4 343.203 0 3 1.06137
50 4 161.571 0 3 1.06236
0 45 152.428 0 3 1.01977
10 45 10521.4 0 3 1.87834
11 45 9199.2 0 3 1.85032
12 45 6356.22 0 3 1.86521
13 45 6440.47 0 3 1.8572
14 45 4368.72 0 3 1.85553
15 45 4572.17 0 3 1.85472
16 45 4306.59 0 3 1.85684
17 45 2860.43 0 3 1.85356
18 45 2626.66 0 3 1.85197
19 45 2462.05 0 3 1.85362
1 45 98146.7 0 3 1.99147
20 45 1908.3 0 3 1.86036
21 45 1698.21 0 3 1.85673
22 45 1575.34 0 3 1.8537
23 45 2266.99 0 3 1.8541
24 45 1931.74 0 3 1.85509
25 45 1118.94 0 3 1.85621
26 45 1639.5 0 3 1.85116
27 45 1210.69 0 3 1.8574
28 45 978.89 0 3 1.85822
29 45 2082.07 0 3 1.85034
2 45 187120 0 3 1.85508
30 45 1405.62 0 3 1.8536
31 45 779.787 0 3 1.85738
32 45 1529.16 0 3 1.84962
33 45 838.011 0 3 1.85859
34 45 1042.75 0 3 1.85717
35 45 866.685 0 3 1.85081
36 45 980.56 0 3 1.86006
37 45 744.01 0 3 1.85141
38 45 1093.51 0 3 1.85603
39 45 544.552 0 3 1.8541
3 45 115187 0 3 1.92192
40 45 933.85 0 3 1.85245
41 45 1080.48 0 3 1.8593
42 45 362.091 0 3 1.84842
43 45 1047.26 0 3 1.86136
44 45 449.526 0 3 1.84785
45 45 1195.87 0 3 1.86034
46 45 612.878 0 3 1.85089
47 45 750.773 0 3 1.85649
48 45 599.909 0 3 1.85338
49 45 672.141 0 3 1.85593
4 45 100402 0 3 1.83337
50 45 709.225 0 3 1.85778
5 45 55139.8 0 3 1.88979
6 45 49295.1 0 3 1.87079
7 45 28489.6 0 3 1.84942
8 45 22405.3 0 3 1.87241
9 45 14511.9 0 3 1.85142
5 4 128.181 0 3 1.06267
0 46 152.428 0 3 1.01977
10 46 11767.5 0 3 1.91434
11 46 10429.4 0 3 1.88465
12 46 7035.59 0 3 1.90035
13 46 7229.36 0 3 1.89181
14 46 4808.16 0 3 1.89003
15 46 5029.95 0 3 1.88916
16 46 4747.76 0 3 1.89138
17 46 3134.13 0 3 1.88792
18 46 2932.03 0 3 1.8862
19 46 2684 0 3 1.88794
1 46 125891 0 3 2.04819
20 46 2085.57 0 3 1.89509
21 46 1856.7 0 3 1.89122
22 46 1736.61 0 3 1.88802
23 46 2493.86 0 3 1.88844
24 46 2102.82 0 3 1.88949
25 46 1215.7 0 3 1.89068
26 46 1778.5 0 3 1.88533
27 46 1322.04 0 3 1.89194
28 46 1082.56 0 3 1.89281
29 46 2253.13 0 3 1.88446
2 46 226349 0 3 1.89028
30 46 1530.67 0 3 1.88791
31 46 839.941 0 3 1.89191
32 46 1649.36 0 3 1.8837
33 46 918.042 0 3 1.89321
34 46 1128.24 0 3 1.89169
35 46 940.009 0 3 1.88495
36 46 1055.26 0 3 1.89476
37 46 801.106 0 3 1.8856
38 46 1180.7 0 3 1.89049
39 46 581.928 0 3 1.88844
3 46 136485 0 3 1.96343
40 46 1002.59 0 3 1.88669
41 46 1157.99 0 3 1.89395
42 46 388.489 0 3 1.88241
43 46 1125.19 0 3 1.89614
44 46 478.685 0 3 1.88181
45 46 1285.41 0 3 1.89506
46 46 652.335 0 3 1.88504
47 46 804.821 0 3 1.89098
48 46 640.768 0 3 1.88767
49 46 722.291 0 3 1.89038
4 46 116133 0 3 1.86663
50 46 758.238 0 3 1.89235
5 46 63745.1 0 3 1.92837
6 46 56845.3 0 3 1.90629
7 46 32336.6 0 3 1.88441
8 46 25368.1 0 3 1.90807
9 46 16339.5 0 3 1.88599
6 4 218.594 0 3 1.06259
0 47 152.428 0 3 1.01977
10 47 13186.3 0 3 1.95177
11 47 11891.8 0 3 1.9203
12 47 7796.42 0 3 1.93686
13 47 8131.96 0 3 1.92775
14 47 5296.14 0 3 1.92583
15 47 5538.61 0 3 1.92491
16 47 5243.29 0 3 1.92723
17 47 3436.92 0 3 1.92358
18 47 3281.4 0 3 1.92172
19 47 2928.38 0 3 1.92355
1 47 170145 0 3 2.11384
20 47 2281.76 0 3 1.93114
21 47 2032.42 0 3 1.92703
22 47 1915.96 0 3 1.92363
23 47 2751.33 0 3 1.92408
24 47 2291.24 0 3 1.92519
25 47 1322.66 0 3 1.92646
26 47 1931.61 0 3 1.92078
27 47 1445.37 0 3 1.92779
28 47 1201.4 0 3 1.92871
29 47 2440.74 0 3 1.91985
2 47 278305 0 3 1.92683
30 47 1668.92 0 3 1.92351
31 47 906.33 0 3 1.92776
32 47 1781.19 0 3 1.91905
33 47 1008.15 0 3 1.92914
34 47 1222.47 0 3 1.92753
35 47 1021.45 0 3 1.92037
36 47 1137.45 0 3 1.93078
37 47 864.276 0 3 1.92107
38 47 1276.92 0 3 1.92625
39 47 623.225 0 3 1.92408
3 47 164554 0 3 2.00758
40 47 1078.31 0 3 1.92222
41 47 1242.74 0 3 1.92992
42 47 418.139 0 3 1.91768
43 47 1210.69 0 3 1.93225
44 47 511.017 0 3 1.91705
45 47 1383.75 0 3 1.9311
46 47 695.677 0 3 1.92047
47 47 864.295 0 3 1.92677
48 47 685.807 0 3 1.92326
49 47 777.692 0 3 1.92614
4 47 135221 0 3 1.90106
50 47 812.232 0 3 1.92822
5 47 74280.7 0 3 1.96886
6 47 66172.1 0 3 1.94317
7 47 36852.1 0 3 1.92095
8 47 28821.4 0 3 1.94514
9 47 18446 0 3 1.92191
7 4 184.581 0 3 1.06185
0 48 152.428 0 3 1.01977
10 48 14809.2 0 3 1.99071
11 48 13676.7 0 3 1.95734
12 48 8650.65 0 3 1.97481
13 48 9170.11 0 3 1.96509
14 48 5838.92 0 3 1.96302
15 48 6104.75 0 3 1.96204
16 48 5802.97 0 3 1.96448
17 48 3772.32 0 3 1.96061
18 48 3683.45 0 3 1.95861
19 48 3197.77 0 3 1.96054
1 48 253397 0 3 2.18336
20 48 2499.15 0 3 1.96859
21 48 2227.59 0 3 1.96422
22 48 2115.6 0 3 1.96061
23 48 3045.79 0 3 1.96109
24 48 2498.99 0 3 1.96226
25 48 1441.04 0 3 1.96361
26 48 2100.49 0 3 1.95759
27 48 1582.12 0 3 1.96502
28 48 1338.65 0 3 1.966
29 48 2646.76 0 3 1.95661
2 48 349965 0 3 1.96479
30 48 1821.95 0 3 1.96049
31 48 979.689 0 3 1.96499
32 48 1925.99 0 3 1.95576
33 48 1109.9 0 3 1.96646
34 48 1326.46 0 3 1.96474
35 48 1112.04 0 3 1.95716
36 48 1227.98 0 3 1.96819
37 48 934.265 0 3 1.9579
38 48 1383.28 0 3 1.96339
39 48 668.914 0 3 1.96109
3 48 203829 0 3 2.05489
40 48 1161.86 0 3 1.95911
41 48 1335.52 0 3 1.96728
42 48 451.468 0 3 1.95429
43 48 1304.62 0 3 1.96976
44 48 546.917 0 3 1.95363
45 48 1491.97 0 3 1.96854
46 48 743.362 0 3 1.95727
47 48 929.83 0 3 1.96395
48 48 735.527 0 3 1.96021
49 48 838.969 0 3 1.96327
4 48 158743 0 3 1.93669
50 48 871.822 0 3 1.96548
5 48 87504.5 0 3 2.01147
6 48 78167.1 0 3 1.9815
7 48 42208.6 0 3 1.95918
8 48 32883.1 0 3 1.98371
9 48 20888.1 0 3 1.95927
8 4 184.425 0 3 1.06264
0 49 152.428 0 3 1.01977
10 49 16675.9 0 3 2.03125
11 49 15968.1 0 3 1.99586
12 49 9612.49 0 3 2.01428
13 49 10371.7 0 3 2.00391
14 49 6443.7 0 3 2.00169
15 49 6736.01 0 3 2.00065
16 49 6440.06 0 3 2.0032
17 49 4144.36 0 3 1.99911
18 49 4149.5 0 3 1.99694
19 49 3495.08 0 3 1.99898
1 49 482762 0 3 2.23476
20 49 2740.38 0 3 2.00752
21 49 2444.72 0 3 2.00288
22 49 2338.04 0 3 1.99905
23 49 3385.97 0 3 1.99955
24 49 2728.34 0 3 2.00079
25 49 1572.22 0 3 2.00223
26 49 2287.02 0 3 1.99584
27 49 1733.89 0 3 2.00373
28 49 1498.76 0 3 2.00477
29 49 2873.32 0 3 1.99479
2 49 454875 0 3 2.00417
30 49 1991.56 0 3 1.99891
31 49 1060.85 0 3 2.00369
32 49 2085.26 0 3 1.9939
33 49 1225.18 0 3 2.00526
34 49 1441.35 0 3 2.00343
35 49 1212.97 0 3 1.99537
36 49 1327.87 0 3 2.00709
37 49 1011.92 0 3 1.99617
38 49 1501.07 0 3 2.00199
39 49 719.532 0 3 1.99956
3 49 264872 0 3 2.10597
40 49 1254.27 0 3 1.99745
41 49 1437.24 0 3 2.00611
42 49 488.959 0 3 1.99233
43 49 1407.98 0 3 2.00876
44 49 586.834 0 3 1.99163
45 49 1611.28 0 3 2.00745
46 49 795.909 0 3 1.99549
47 49 1002.15 0 3 2.00259
48 49 790.496 0 3 1.99862
49 49 906.837 0 3 2.00187
4 49 188303 0 3 1.97355
50 49 937.714 0 3 2.00421
5 49 104711 0 3 2.05641
6 49 94865.3 0 3 2.02137
7 49 48648.4 0 3 1.99926
8 49 37716.1 0 3 2.02389
9 49 23738.4 0 3 1.99817
9 4 187.658 0 3 1.06189
0 50 152.428 0 3 1.01977
10 50 18837.2 0 3 2.07351
11 50 19343.7 0 3 2.03595
12 50 10698.9 0 3 2.05537
13 50 11773.2 0 3 2.0443
14 50 7118.89 0 3 2.04192
15 50 7441.26 0 3 2.04082
16 50 7173.9 0 3 2.04348
17 50 4557.68 0 3 2.03916
18 50 4694.62 0 3 2.0368
19 50 3823.63 0 3 2.03895
1 50 2.9591e+06 0 3 2.28865
20 50 3008.45 0 3 2.04802
21 50 2686.79 0 3 2.04308
22 50 2586.15 0 3 2.03902
23 50 3784.55 0 3 2.03956
24 50 2981.84 0 3 2.04087
25 50 1717.79 0 3 2.0424
26 50 2493.35 0 3 2.03562
27 50 1902.53 0 3 2.04398
28 50 1688.23 0 3 2.04509
29 50 3122.82 0 3 2.0345
2 50 624073 0 3 2.04486
30 50 2179.79 0 3 2.03888
31 50 1150.78 0 3 2.04395
32 50 2260.72 0 3 2.03356
33 50 1356.33 0 3 2.04562
34 50 1568.46 0 3 2.04367
35 50 1325.61 0 3 2.03511
36 50 1438.24 0 3 2.04755
37 50 1098.21 0 3 2.03596
38 50 1631.74 0 3 2.04215
39 50 775.688 0 3 2.03957
3 50 385578 0 3 2.15117
40 50 1356.72 0 3 2.03731
41 50 1548.94 0 3 2.04652
42 50 531.172 0 3 2.03188
43 50 1521.89 0 3 2.04933
44 50 631.283 0 3 2.03115
45 50 1743.11 0 3 2.04794
46 50 853.914 0 3 2.03525
47 50 1082.07 0 3 2.04278
48 50 851.364 0 3 2.03856
49 50 982.107 0 3 2.04201
4 50 226415 0 3 2.01167
50 50 1010.72 0 3 2.04449
5 50 128379 0 3 2.104
6 50 123683 0 3 2.06287
7 50 56525.2 0 3 2.0414
8 50 43555.3 0 3 2.0658
9 50 27091.3 0 3 2.03871
0 5 152.428 0 3 1.01977
10 5 182.785 0 3 1.07413
11 5 166.478 0 3 1.07309
12 5 176.748 0 3 1.07371
13 5 155.762 0 3 1.07348
14 5 174.469 0 3 1.07344
15 5 182.982 0 3 1.07342
16 5 182.527 0 3 1.07351
17 5 170.522 0 3 1.07338
18 5 157.931 0 3 1.07334
19 5 174.125 0 3 1.07341
1 5 335.151 0 3 1.07506
20 5 166.166 0 3 1.07366
21 5 163.17 0 3 1.07353
22 5 149.385 0 3 1.07342
23 5 175.548 0 3 1.07343
24 5 170.044 0 3 1.07347
25 5 160.711 0 3 1.07351
26 5 172.698 0 3 1.07332
27 5 156.585 0 3 1.07356
28 5 153.362 0 3 1.07359
29 5 183.595 0 3 1.0733
2 5 300.176 0 3 1.07255
30 5 163.74 0 3 1.07342
31 5 160.781 0 3 1.07356
32 5 177.567 0 3 1.07327
33 5 154.546 0 3 1.0736
34 5 162.425 0 3 1.07355
35 5 159.315 0 3 1.07332
36 5 166.841 0 3 1.07366
37 5 161.24 0 3 1.07333
38 5 167.599 0 3 1.07351
39 5 158.631 0 3 1.07343
3 5 350.333 0 3 1.07485
40 5 168.047 0 3 1.07338
41 5 172.056 0 3 1.07363
42 5 152.077 0 3 1.07323
43 5 169.393 0 3 1.0737
44 5 157.228 0 3 1.0732
45 5 174.231 0 3 1.07367
46 5 162.963 0 3 1.07332
47 5 163.111 0 3 1.07352
48 5 160.646 0 3 1.07341
49 5 159.403 0 3 1.0735
4 5 423.423 0 3 1.07232
50 5 164.158 0 3 1.07357
5 5 141.376 0 3 1.07397
6 5 252.405 0 3 1.07387
7 5 204.235 0 3 1.07293
8 5 201.186 0 3 1.07392
9 5 202.399 0 3 1.07298
0 6 152.428 0 3 1.01977
10 6 194.76 0 3 1.08571
11 6 173.91 0 3 1.08444
12 6 185.696 0 3 1.08519
13 6 159.814 0 3 1.08491
14 6 181.731 0 3 1.08486
15 6 192.036 0 3 1.08483
16 6 191.288 0 3 1.08494
17 6 176.017 0 3 1.08479
18 6 160.347 0 3 1.08474
19 6 180.136 0 3 1.08483
1 6 396.907 0 3 1.08691
20 6 170.086 0 3 1.08513
21 6 166.336 0 3 1.08497
22 6 149.607 0 3 1.08483
23 6 181.534 0 3 1.08485
24 6 174.832 0 3 1.0849
25 6 163.002 0 3 1.08495
26 6 177.805 0 3 1.08472
27 6 158.084 0 3 1.08501
28 6 153.95 0 3 1.08504
29 6 191.287 0 3 1.08468
2 6 383.839 0 3 1.08378
30 6 166.827 0 3 1.08483
31 6 162.858 0 3 1.085
32 6 183.624 0 3 1.08465
33 6 155.312 0 3 1.08505
34 6 165.035 0 3 1.085
35 6 161.126 0 3 1.08471
36 6 170.304 0 3 1.08513
37 6 163.368 0 3 1.08473
38 6 171.284 0 3 1.08494
39 6 160.109 0 3 1.08485
3 6 435.414 0 3 1.08661
40 6 171.734 0 3 1.08478
41 6 176.689 0 3 1.08509
42 6 152.067 0 3 1.0846
43 6 173.443 0 3 1.08518
44 6 158.348 0 3 1.08457
45 6 179.367 0 3 1.08514
46 6 165.384 0 3 1.08471
47 6 165.653 0 3 1.08496
48 6 162.579 0 3 1.08482
49 6 161.126 0 3 1.08494
4 6 519.249 0 3 1.08349
50 6 166.886 0 3 1.08502
5 6 163.88 0 3 1.08552
6 6 294.524 0 3 1.08538
7 6 229.432 0 3 1.08423
8 6 222.156 0 3 1.08546
9 6 219.973 0 3 1.0843
0 7 152.428 0 3 1.01977
10 7 209.149 0 3 1.09754
11 7 183.248 0 3 1.09602
12 7 196.291 0 3 1.09692
13 7 165.265 0 3 1.09658
14 7 190.143 0 3 1.09652
15 7 202.273 0 3 1.09649
16 7 201.149 0 3 1.09662
17 7 182.266 0 3 1.09644
18 7 163.308 0 3 1.09638
19 7 186.812 0 3 1.09648
1 7 469.006 0 3 1.09905
20 7 174.478 0 3 1.09685
21 7 169.913 0 3 1.09666
22 7 150.178 0 3 1.09649
23 7 188.062 0 3 1.09652
24 7 180.123 0 3 1.09657
25 7 165.549 0 3 1.09663
26 7 183.33 0 3 1.09635
27 7 159.858 0 3 1.0967
28 7 154.71 0 3 1.09674
29 7 199.55 0 3 1.09631
2 7 490.152 0 3 1.09526
30 7 170.247 0 3 1.09649
31 7 165.098 0 3 1.0967
32 7 190.083 0 3 1.09627
33 7 156.223 0 3 1.09676
34 7 167.889 0 3 1.09669
35 7 163.113 0 3 1.09634
36 7 173.997 0 3 1.09684
37 7 165.645 0 3 1.09637
38 7 175.226 0 3 1.09662
39 7 161.684 0 3 1.09652
3 7 539.185 0 3 1.09862
40 7 175.641 0 3 1.09643
41 7 181.597 0 3 1.0968
42 7 152.087 0 3 1.09621
43 7 177.751 0 3 1.09691
44 7 159.535 0 3 1.09618
45 7 184.806 0 3 1.09686
46 7 167.931 0 3 1.09634
47 7 168.359 0 3 1.09665
48 7 164.63 0 3 1.09648
49 7 162.981 0 3 1.09662
4 7 632.209 0 3 1.0949
50 7 169.767 0 3 1.09672
5 7 196.631 0 3 1.09731
6 7 345.774 0 3 1.09715
7 7 260.692 0 3 1.09578
8 7 247.745 0 3 1.09724
9 7 240.644 0 3 1.09587
0 8 152.428 0 3 1.01977
10 8 226.178 0 3 1.10964
11 8 194.678 0 3 1.10787
12 8 208.679 0 3 1.10891
13 8 172.255 0 3 1.10851
14 8 199.806 0 3 1.10844
15 8 213.794 0 3 1.1084
16 8 212.205 0 3 1.10856
17 8 189.332 0 3 1.10835
18 8 166.867 0 3 1.10828
19 8 194.209 0 3 1.1084
1 8 552.464 0 3 1.11148
20 8 179.382 0 3 1.10882
21 8 173.938 0 3 1.1086
22 8 151.135 0 3 1.10841
23 8 195.176 0 3 1.10843
24 8 185.961 0 3 1.1085
25 8 168.374 0 3 1.10857
26 8 189.304 0 3 1.10824
27 8 161.933 0 3 1.10865
28 8 155.659 0 3 1.1087
29 8 208.427 0 3 1.1082
2 8 621.53 0 3 1.10699
30 8 174.029 0 3 1.1084
31 8 167.517 0 3 1.10864
32 8 196.974 0 3 1.10815
33 8 157.295 0 3 1.10871
34 8 171.009 0 3 1.10863
35 8 165.293 0 3 1.10823
36 8 177.937 0 3 1.10882
37 8 168.083 0 3 1.10826
38 8 179.445 0 3 1.10856
39 8 163.364 0 3 1.10843
3 8 663.459 0 3 1.11092
40 8 179.786 0 3 1.10834
41 8 186.801 0 3 1.10877
42 8 152.144 0 3 1.10808
43 8 182.337 0 3 1.10889
44 8 160.795 0 3 1.10804
45 8 190.568 0 3 1.10883
46 8 170.611 0 3 1.10823
47 8 171.239 0 3 1.10859
48 8 166.807 0 3 1.10839
49 8 164.983 0 3 1.10855
4 8 763.979 0 3 1.10656
50 8 172.811 0 3 1.10867
5 8 240.659 0 3 1.10937
6 8 407.053 0 3 1.10918
7 8 298.586 0 3 1.10758
8 8 278.402 0 3 1.10929
9 8 264.706 0 3 1.10769
0 9 152.428 0 3 1.01977
10 9 246.094 0 3 1.122
11 9 208.405 0 3 1.11997
12 9 223.014 0 3 1.12116
13 9 180.935 0 3 1.12071
14 9 210.828 0 3 1.12062
15 9 226.711 0 3 1.12058
16 9 224.558 0 3 1.12076
17 9 197.285 0 3 1.12052
18 9 171.083 0 3 1.12043
19 9 202.384 0 3 1.12057
1 9 648.413 0 3 1.12423
20 9 184.844 0 3 1.12106
21 9 178.449 0 3 1.12081
22 9 152.516 0 3 1.12058
23 9 202.926 0 3 1.12061
24 9 192.389 0 3 1.12069
25 9 171.503 0 3 1.12077
26 9 195.763 0 3 1.1204
27 9 164.336 0 3 1.12086
28 9 156.816 0 3 1.12092
29 9 217.963 0 3 1.12034
2 9 780.653 0 3 1.11899
30 9 178.204 0 3 1.12058
31 9 170.127 0 3 1.12085
32 9 204.327 0 3 1.12028
33 9 158.545 0 3 1.12093
34 9 174.416 0 3 1.12084
35 9 167.683 0 3 1.12038
36 9 182.142 0 3 1.12105
37 9 170.694 0 3 1.12041
38 9 183.964 0 3 1.12076
39 9 165.159 0 3 1.12061
3 9 810.233 0 3 1.1235
40 9 184.184 0 3 1.1205
41 9 192.32 0 3 1.121
42 9 152.241 0 3 1.12021
43 9 187.22 0 3 1.12114
44 9 162.134 0 3 1.12016
45 9 196.676 0 3 1.12107
46 9 173.435 0 3 1.12038
47 9 174.307 0 3 1.12079
48 9 169.12 0 3 1.12057
49 9 167.141 0 3 1.12075
4 9 916.41 0 3 1.11847
50 9 176.029 0 3 1.12089
5 9 297.095 0 3 1.1217
6 9 479.352 0 3 1.12148
7 9 343.735 0 3 1.11964
8 9 314.621 0 3 1.1216
9 9 292.477 0 3 1.11977
