0 0 155.641 0 3 1.02481
10 0 773.236 0 3 1.23898
11 0 1817.96 0 3 1.3563
12 0 5811.43 0 3 1.55187
13 0 28080.1 0 3 1.89776
14 0 206629 0 3 2.54264
15 0 1.02896e+06 0 3 3.73502
16 0 2.5223e+06 0 3 5.43374
17 0 4.74911e+06 0 3 5.54027
18 0 6.11489e+06 0 3 4.89547
19 0 5.6387e+06 0 3 3.25559
1 0 156.908 0 3 1.02698
20 0 2.9931e+06 0 3 2.30194
21 0 2.20647e+06 0 3 1.88114
22 0 341563 0 3 1.75805
23 0 498040 0 3 1.90985
24 0 642466 0 3 2.07423
25 0 682469 0 3 2.19764
26 0 388940 0 3 2.15129
27 0 413630 0 3 2.03143
28 0 210846 0 3 2.02652
29 0 129617 0 3 2.11288
2 0 158.871 0 3 1.03012
30 0 83340.5 0 3 2.02744
31 0 51827.1 0 3 2.08396
32 0 25414.2 0 3 2.03103
33 0 33469.9 0 3 2.03756
34 0 12665.5 0 3 2.04088
35 0 12524.2 0 3 2.04627
36 0 3599.94 0 3 2.0397
37 0 4112.84 0 3 2.04545
38 0 3080.92 0 3 2.04087
39 0 2070.22 0 3 2.0462
3 0 161.99 0 3 1.03469
40 0 1554.55 0 3 2.0395
41 0 1432.13 0 3 2.04438
42 0 743.965 0 3 2.04177
43 0 564.499 0 3 2.03744
44 0 568.698 0 3 2.03943
45 0 489.829 0 3 2.04207
46 0 556.909 0 3 2.04006
47 0 361.546 0 3 2.04168
48 0 477.306 0 3 2.03971
49 0 499.846 0 3 2.04057
4 0 167.112 0 3 1.04134
50 0 365.567 0 3 2.04111
5 0 175.878 0 3 1.05105
6 0 191.651 0 3 1.06531
7 0 221.782 0 3 1.08637
8 0 283.648 0 3 1.11781
9 0 422.548 0 3 1.1654
0 10 153.671 0 3 1.02118
10 10 185.858 0 3 1.06645
11 10 202.976 0 3 1.08588
12 10 225.907 0 3 1.11239
13 10 249.165 0 3 1.14719
14 10 257.307 0 3 1.18975
15 10 239.594 0 3 1.23519
16 10 230.986 0 3 1.27155
17 10 287.267 0 3 1.28217
18 10 396.25 0 3 1.25892
19 10 628.028 0 3 1.2144
1 10 153.948 0 3 1.02172
20 10 1115.1 0 3 1.17306
21 10 1582.05 0 3 1.14886
22 10 1360.16 0 3 1.14065
23 10 1342.53 0 3 1.1517
24 10 1740.57 0 3 1.16701
25 10 2081.79 0 3 1.17214
26 10 1538.61 0 3 1.17118
27 10 1040.39 0 3 1.16612
28 10 1497.53 0 3 1.16309
29 10 911.168 0 3 1.17001
2 10 154.354 0 3 1.02249
30 10 585.59 0 3 1.16425
31 10 701.108 0 3 1.16885
32 10 454.553 0 3 1.1649
33 10 292.936 0 3 1.16578
34 10 239.558 0 3 1.16624
35 10 232.152 0 3 1.16686
36 10 235.114 0 3 1.1664
37 10 253.476 0 3 1.16689
38 10 256.003 0 3 1.16652
39 10 165.375 0 3 1.16694
3 10 154.951 0 3 1.02362
40 10 217.607 0 3 1.16642
41 10 183.245 0 3 1.16682
42 10 170.757 0 3 1.16661
43 10 187.489 0 3 1.16625
44 10 187.752 0 3 1.16641
45 10 179.307 0 3 1.16664
46 10 190.763 0 3 1.16647
47 10 175.026 0 3 1.16661
48 10 188.197 0 3 1.16644
49 10 189.439 0 3 1.16652
4 10 155.836 0 3 1.02524
50 10 180.778 0 3 1.16656
5 10 157.159 0 3 1.02758
6 10 159.16 0 3 1.03094
7 10 162.224 0 3 1.03577
8 10 166.971 0 3 1.04268
9 10 174.379 0 3 1.05253
0 1 155.285 0 3 1.02418
10 1 566.952 0 3 1.20482
0 11 153.59 0 3 1.02102
10 11 179.56 0 3 1.06019
11 11 192.483 0 3 1.07684
12 11 209.069 0 3 1.09943
13 11 224.705 0 3 1.12884
14 11 227.804 0 3 1.16448
15 11 210.267 0 3 1.20216
16 11 196.045 0 3 1.23214
17 11 228.051 0 3 1.24101
18 11 310.489 0 3 1.22198
19 11 501.528 0 3 1.18501
11 1 1131.5 0 3 1.29912
1 11 153.83 0 3 1.02149
20 11 876.855 0 3 1.15054
21 11 1215.02 0 3 1.13036
22 11 1009.49 0 3 1.12357
23 11 945.89 0 3 1.1328
24 11 1284.92 0 3 1.14562
25 11 1559.15 0 3 1.15
26 11 1156.18 0 3 1.14914
27 11 750.05 0 3 1.14495
28 11 1156 0 3 1.14234
29 11 697.095 0 3 1.14817
12 1 2771.4 0 3 1.44933
2 11 154.18 0 3 1.02217
30 11 448.293 0 3 1.14335
31 11 567.214 0 3 1.14721
32 11 381.83 0 3 1.1439
33 11 249.323 0 3 1.14465
34 11 214.456 0 3 1.14504
35 11 211.035 0 3 1.14557
36 11 218.021 0 3 1.14518
37 11 233.861 0 3 1.1456
38 11 237.05 0 3 1.14528
39 11 161.624 0 3 1.14564
13 1 7946.34 0 3 1.69541
3 11 154.694 0 3 1.02314
40 11 206.516 0 3 1.1452
41 11 177.367 0 3 1.14554
42 11 167.62 0 3 1.14536
43 11 182.157 0 3 1.14506
44 11 182.413 0 3 1.14519
45 11 175.286 0 3 1.14539
46 11 185.005 0 3 1.14524
47 11 171.833 0 3 1.14536
48 11 182.967 0 3 1.14522
49 11 184.029 0 3 1.14528
14 1 21275.6 0 3 2.10132
4 11 155.451 0 3 1.02455
50 11 176.852 0 3 1.14532
15 1 40705.8 0 3 2.72486
5 11 156.575 0 3 1.02659
16 1 74177.2 0 3 3.4221
6 11 158.258 0 3 1.02951
17 1 124106 0 3 3.51542
7 11 160.803 0 3 1.0337
18 1 121919 0 3 2.96689
8 11 164.682 0 3 1.03969
19 1 78054.5 0 3 2.49654
9 11 170.609 0 3 1.0482
1 1 156.364 0 3 1.02607
20 1 74133.2 0 3 1.92742
0 12 153.521 0 3 1.02088
10 12 174.651 0 3 1.0548
11 12 184.527 0 3 1.0691
12 12 196.692 0 3 1.08841
13 12 207.305 0 3 1.11338
14 12 207.523 0 3 1.14339
15 12 191.071 0 3 1.17488
16 12 174.685 0 3 1.1998
17 12 191.874 0 3 1.20725
18 12 254.981 0 3 1.19153
19 12 412.452 0 3 1.1606
21 1 101694 0 3 1.67224
1 12 153.729 0 3 1.02129
20 12 705.644 0 3 1.13167
21 12 953.281 0 3 1.11475
22 12 767.056 0 3 1.10908
23 12 679.005 0 3 1.11685
24 12 968.609 0 3 1.12764
25 12 1191.25 0 3 1.13138
26 12 887.311 0 3 1.13062
27 12 553.492 0 3 1.12713
28 12 911.694 0 3 1.12487
29 12 547.178 0 3 1.12982
22 1 103336 0 3 1.60515
2 12 154.031 0 3 1.02188
30 12 354.617 0 3 1.12575
31 12 470.238 0 3 1.12902
32 12 329.001 0 3 1.12623
33 12 219.444 0 3 1.12687
34 12 196.994 0 3 1.1272
35 12 196.092 0 3 1.12765
36 12 205.106 0 3 1.12733
37 12 218.795 0 3 1.12768
38 12 222.234 0 3 1.12741
39 12 159.057 0 3 1.12771
23 1 132009 0 3 1.70629
3 12 154.474 0 3 1.02273
40 12 197.67 0 3 1.12734
41 12 172.858 0 3 1.12762
42 12 165.154 0 3 1.12747
43 12 177.766 0 3 1.12722
44 12 178.01 0 3 1.12733
45 12 171.971 0 3 1.1275
46 12 180.246 0 3 1.12738
47 12 169.163 0 3 1.12747
48 12 178.621 0 3 1.12736
49 12 179.54 0 3 1.12741
24 1 146120 0 3 1.82952
4 12 155.123 0 3 1.02396
50 12 173.563 0 3 1.12744
25 1 153428 0 3 1.87523
5 12 156.08 0 3 1.02573
26 1 92906.5 0 3 1.86788
6 12 157.502 0 3 1.02826
27 1 83542.6 0 3 1.80191
7 12 159.626 0 3 1.0319
28 1 75315.5 0 3 1.7934
8 12 162.816 0 3 1.03709
29 1 46581.4 0 3 1.85027
9 12 167.6 0 3 1.04446
2 1 158.019 0 3 1.0288
30 1 33410.5 0 3 1.79604
0 13 153.46 0 3 1.02076
10 13 170.783 0 3 1.05015
11 13 178.416 0 3 1.06247
12 13 187.448 0 3 1.07901
13 13 194.696 0 3 1.10028
14 13 193.304 0 3 1.12568
15 13 178.305 0 3 1.15215
16 13 161.597 0 3 1.17302
17 13 169.684 0 3 1.17931
18 13 218.53 0 3 1.16621
19 13 348.612 0 3 1.1402
31 1 22817.8 0 3 1.8347
1 13 153.641 0 3 1.02112
20 13 580.415 0 3 1.11578
21 13 763.527 0 3 1.1015
22 13 597.093 0 3 1.09675
23 13 497.947 0 3 1.10332
24 13 745.921 0 3 1.11245
25 13 928.294 0 3 1.11566
26 13 695.713 0 3 1.11498
27 13 419.332 0 3 1.11205
28 13 734.085 0 3 1.1101
29 13 440.886 0 3 1.11431
32 1 11925.2 0 3 1.79879
2 13 153.902 0 3 1.02163
30 13 290.141 0 3 1.11087
31 13 398.907 0 3 1.11364
32 13 290.018 0 3 1.11128
33 13 198.784 0 3 1.11183
34 13 184.705 0 3 1.11211
35 13 185.364 0 3 1.11249
36 13 195.194 0 3 1.11222
37 13 207.039 0 3 1.11252
38 13 210.486 0 3 1.11229
39 13 157.279 0 3 1.11254
33 1 10438.8 0 3 1.80414
3 13 154.284 0 3 1.02237
40 13 190.525 0 3 1.11223
41 13 169.343 0 3 1.11247
42 13 163.184 0 3 1.11234
43 13 174.12 0 3 1.11213
44 13 174.35 0 3 1.11223
45 13 169.214 0 3 1.11236
46 13 176.284 0 3 1.11226
47 13 166.918 0 3 1.11234
48 13 174.983 0 3 1.11224
49 13 175.787 0 3 1.11229
34 1 5416.64 0 3 1.80684
4 13 154.842 0 3 1.02344
50 13 170.791 0 3 1.11232
35 1 4509.24 0 3 1.81082
5 13 155.659 0 3 1.02498
36 1 2051.76 0 3 1.80652
6 13 156.864 0 3 1.02718
37 1 2247.97 0 3 1.81051
7 13 158.647 0 3 1.03034
38 1 1824.53 0 3 1.80737
8 13 161.286 0 3 1.03485
39 1 1010.3 0 3 1.81099
9 13 165.175 0 3 1.04122
3 1 160.618 0 3 1.03276
40 1 981.029 0 3 1.80646
0 14 153.408 0 3 1.02066
10 14 167.705 0 3 1.04614
11 14 173.665 0 3 1.05676
12 14 180.447 0 3 1.07096
13 14 185.41 0 3 1.08914
14 14 183.166 0 3 1.11072
15 14 169.718 0 3 1.1331
16 14 153.65 0 3 1.15067
17 14 156.164 0 3 1.15601
18 14 194.361 0 3 1.14503
19 14 302.166 0 3 1.12303
41 1 821.244 0 3 1.8098
1 14 153.564 0 3 1.02097
20 14 487.4 0 3 1.10232
21 14 623.978 0 3 1.09023
22 14 476.536 0 3 1.08623
23 14 374.537 0 3 1.0918
24 14 587.303 0 3 1.09955
25 14 737.85 0 3 1.10231
26 14 557.581 0 3 1.10172
27 14 327.303 0 3 1.09924
28 14 603.11 0 3 1.09756
29 14 364.733 0 3 1.10116
42 1 466.588 0 3 1.80803
2 14 153.791 0 3 1.02142
30 14 245.496 0 3 1.09822
31 14 345.709 0 3 1.10058
32 14 260.845 0 3 1.09858
33 14 184.403 0 3 1.09905
34 14 175.973 0 3 1.09929
35 14 177.562 0 3 1.09962
36 14 187.482 0 3 1.09939
37 14 197.741 0 3 1.09964
38 14 201.054 0 3 1.09945
39 14 156.037 0 3 1.09966
43 1 427.063 0 3 1.80507
3 14 154.121 0 3 1.02206
40 14 184.693 0 3 1.0994
41 14 166.561 0 3 1.0996
42 14 161.589 0 3 1.09949
43 14 171.072 0 3 1.09931
44 14 171.285 0 3 1.09939
45 14 166.905 0 3 1.09951
46 14 172.963 0 3 1.09942
47 14 165.018 0 3 1.09949
48 14 171.922 0 3 1.09941
49 14 172.632 0 3 1.09945
44 1 427.512 0 3 1.80642
4 14 154.6 0 3 1.02299
50 14 168.444 0 3 1.09947
45 1 369.068 0 3 1.80824
5 14 155.301 0 3 1.02433
46 1 430.294 0 3 1.80687
6 14 156.325 0 3 1.02625
47 1 296.258 0 3 1.80798
7 14 157.826 0 3 1.02899
48 1 384.309 0 3 1.80663
8 14 160.023 0 3 1.0329
49 1 397.83 0 3 1.80722
9 14 163.207 0 3 1.03842
4 1 164.819 0 3 1.03852
50 1 310.702 0 3 1.80759
0 15 153.363 0 3 1.02057
10 15 165.235 0 3 1.04268
11 15 169.933 0 3 1.05185
12 15 175.077 0 3 1.06407
13 15 178.473 0 3 1.07964
14 15 175.833 0 3 1.09805
15 15 163.898 0 3 1.11703
16 15 148.942 0 3 1.13191
17 15 148.098 0 3 1.13645
18 15 178.253 0 3 1.12719
19 15 267.928 0 3 1.10852
1 15 153.498 0 3 1.02084
20 15 417.362 0 3 1.09089
21 15 520.037 0 3 1.0806
22 15 390.178 0 3 1.07722
23 15 290.317 0 3 1.08196
24 15 473.202 0 3 1.08857
25 15 598.319 0 3 1.09095
26 15 456.986 0 3 1.09042
27 15 264.054 0 3 1.08833
28 15 505.277 0 3 1.08687
29 15 309.685 0 3 1.08995
2 15 153.695 0 3 1.02123
30 15 214.477 0 3 1.08745
31 15 305.534 0 3 1.08946
32 15 238.735 0 3 1.08776
33 15 174.349 0 3 1.08816
34 15 169.718 0 3 1.08837
35 15 171.823 0 3 1.08865
36 15 181.407 0 3 1.08845
37 15 190.299 0 3 1.08867
38 15 193.402 0 3 1.0885
39 15 155.163 0 3 1.08869
3 15 153.979 0 3 1.02179
40 15 179.888 0 3 1.08846
41 15 164.334 0 3 1.08863
42 15 160.284 0 3 1.08854
43 15 168.507 0 3 1.08839
44 15 168.704 0 3 1.08846
45 15 164.96 0 3 1.08856
46 15 170.165 0 3 1.08848
47 15 163.404 0 3 1.08854
48 15 169.333 0 3 1.08847
49 15 169.966 0 3 1.0885
4 15 154.393 0 3 1.0226
50 15 166.448 0 3 1.08852
5 15 154.994 0 3 1.02376
6 15 155.867 0 3 1.02543
7 15 157.137 0 3 1.02782
8 15 158.974 0 3 1.03121
9 15 161.598 0 3 1.036
5 1 171.866 0 3 1.04692
0 16 153.323 0 3 1.02049
10 16 163.235 0 3 1.03969
11 16 166.972 0 3 1.04761
12 16 170.911 0 3 1.05814
13 16 173.224 0 3 1.07152
14 16 170.461 0 3 1.08725
15 16 159.937 0 3 1.10343
16 16 146.293 0 3 1.11607
17 16 143.493 0 3 1.11994
18 16 167.509 0 3 1.1121
19 16 242.395 0 3 1.09619
1 16 153.441 0 3 1.02073
20 16 363.977 0 3 1.08113
21 16 441.728 0 3 1.07236
22 16 327.8 0 3 1.06949
23 16 232.983 0 3 1.07354
24 16 390.431 0 3 1.07919
25 16 495.03 0 3 1.08124
26 16 383.071 0 3 1.08078
27 16 220.644 0 3 1.07899
28 16 431.345 0 3 1.07773
29 16 269.586 0 3 1.08038
2 16 153.611 0 3 1.02107
30 16 192.906 0 3 1.07824
31 16 274.846 0 3 1.07996
32 16 221.781 0 3 1.07851
33 16 167.305 0 3 1.07885
34 16 165.207 0 3 1.07903
35 16 167.557 0 3 1.07927
36 16 176.567 0 3 1.0791
37 16 184.281 0 3 1.07929
38 16 187.136 0 3 1.07914
39 16 154.544 0 3 1.0793
3 16 153.858 0 3 1.02156
40 16 175.9 0 3 1.07911
41 16 162.53 0 3 1.07926
42 16 159.207 0 3 1.07918
43 16 166.34 0 3 1.07905
44 16 166.521 0 3 1.07911
45 16 163.313 0 3 1.07919
46 16 167.795 0 3 1.07913
47 16 162.029 0 3 1.07918
48 16 167.134 0 3 1.07912
49 16 167.704 0 3 1.07914
4 16 154.214 0 3 1.02226
50 16 164.746 0 3 1.07916
5 16 154.731 0 3 1.02327
6 16 155.478 0 3 1.02472
7 16 156.555 0 3 1.02679
8 16 158.098 0 3 1.02974
9 16 160.274 0 3 1.0339
6 1 184.227 0 3 1.0592
0 17 153.289 0 3 1.02042
10 17 161.605 0 3 1.03709
11 17 164.601 0 3 1.04395
12 17 167.645 0 3 1.05304
13 17 169.205 0 3 1.06455
14 17 166.481 0 3 1.07804
15 17 157.241 0 3 1.09186
16 17 144.954 0 3 1.10264
17 17 141.091 0 3 1.10596
18 17 160.375 0 3 1.09929
19 17 223.152 0 3 1.08569
1 17 153.391 0 3 1.02063
20 17 322.829 0 3 1.07279
21 17 382.11 0 3 1.06528
22 17 282.422 0 3 1.06284
23 17 194.215 0 3 1.06631
24 17 329.954 0 3 1.07115
25 17 417.853 0 3 1.07292
26 17 328.326 0 3 1.07252
27 17 190.998 0 3 1.071
28 17 374.872 0 3 1.0699
29 17 240.181 0 3 1.07218
2 17 153.539 0 3 1.02092
30 17 177.934 0 3 1.07034
31 17 251.154 0 3 1.07182
32 17 208.642 0 3 1.07057
33 17 162.371 0 3 1.07087
34 17 161.936 0 3 1.07102
35 17 164.357 0 3 1.07123
36 17 172.673 0 3 1.07109
37 17 179.368 0 3 1.07125
38 17 181.965 0 3 1.07112
39 17 154.104 0 3 1.07126
3 17 153.752 0 3 1.02135
40 17 172.568 0 3 1.07109
41 17 161.056 0 3 1.07122
42 17 158.31 0 3 1.07115
43 17 164.5 0 3 1.07104
44 17 164.665 0 3 1.07109
45 17 161.914 0 3 1.07117
46 17 165.781 0 3 1.07111
47 17 160.852 0 3 1.07115
48 17 165.261 0 3 1.0711
49 17 165.778 0 3 1.07113
4 17 154.061 0 3 1.02196
50 17 163.29 0 3 1.07114
5 17 154.505 0 3 1.02284
6 17 155.145 0 3 1.02411
7 17 156.062 0 3 1.02591
8 17 157.364 0 3 1.02847
9 17 159.177 0 3 1.03207
7 1 207.085 0 3 1.07725
0 18 153.259 0 3 1.02037
10 18 160.267 0 3 1.03485
11 18 162.688 0 3 1.04078
12 18 165.059 0 3 1.04864
13 18 166.095 0 3 1.05855
14 18 163.503 0 3 1.07015
15 18 155.412 0 3 1.08199
16 18 144.443 0 3 1.09121
17 18 140.084 0 3 1.09405
18 18 155.688 0 3 1.08837
19 18 208.511 0 3 1.07671
1 18 153.348 0 3 1.02054
20 18 290.788 0 3 1.06564
21 18 336.282 0 3 1.0592
22 18 249.21 0 3 1.05711
23 18 168.321 0 3 1.0601
24 18 285.49 0 3 1.06425
25 18 359.689 0 3 1.06578
26 18 287.485 0 3 1.06543
27 18 170.944 0 3 1.06412
28 18 331.306 0 3 1.06318
29 18 218.49 0 3 1.06514
2 18 153.476 0 3 1.0208
30 18 167.595 0 3 1.06356
31 18 232.683 0 3 1.06483
32 18 198.356 0 3 1.06376
33 18 158.923 0 3 1.06402
34 18 159.554 0 3 1.06415
35 18 161.933 0 3 1.06433
36 18 169.513 0 3 1.0642
37 18 175.326 0 3 1.06434
38 18 177.666 0 3 1.06424
39 18 153.791 0 3 1.06435
3 18 153.661 0 3 1.02117
40 18 169.768 0 3 1.06421
41 18 159.841 0 3 1.06432
42 18 157.559 0 3 1.06426
43 18 162.933 0 3 1.06416
44 18 163.084 0 3 1.06421
45 18 160.72 0 3 1.06427
46 18 164.064 0 3 1.06422
47 18 159.843 0 3 1.06426
48 18 163.659 0 3 1.06422
49 18 164.132 0 3 1.06424
4 18 153.928 0 3 1.0217
50 18 162.041 0 3 1.06425
5 18 154.311 0 3 1.02247
6 18 154.86 0 3 1.02357
7 18 155.643 0 3 1.02514
8 18 156.745 0 3 1.02736
9 18 158.263 0 3 1.03049
8 1 252.057 0 3 1.10399
0 19 153.233 0 3 1.02031
10 19 159.162 0 3 1.0329
11 19 161.131 0 3 1.03804
12 19 162.993 0 3 1.04484
13 19 163.665 0 3 1.0534
14 19 161.253 0 3 1.06338
15 19 154.181 0 3 1.07354
16 19 144.449 0 3 1.08145
17 19 139.952 0 3 1.08389
18 19 152.667 0 3 1.07903
19 19 197.27 0 3 1.06902
1 19 153.31 0 3 1.02047
20 19 265.6 0 3 1.0595
21 19 300.734 0 3 1.05396
22 19 224.774 0 3 1.05217
23 19 151.368 0 3 1.05474
24 19 252.618 0 3 1.05832
25 19 315.501 0 3 1.05964
26 19 256.812 0 3 1.05933
27 19 157.588 0 3 1.05821
28 19 297.383 0 3 1.05739
29 19 202.406 0 3 1.05908
2 19 153.422 0 3 1.02069
30 19 160.518 0 3 1.05772
31 19 218.15 0 3 1.05882
32 19 190.231 0 3 1.0579
33 19 156.528 0 3 1.05812
34 19 157.813 0 3 1.05823
35 19 160.083 0 3 1.05839
36 19 166.927 0 3 1.05828
37 19 171.976 0 3 1.0584
38 19 174.072 0 3 1.05831
39 19 153.568 0 3 1.05841
3 19 153.582 0 3 1.02102
40 19 167.403 0 3 1.05829
41 19 158.833 0 3 1.05838
42 19 156.926 0 3 1.05833
43 19 161.593 0 3 1.05825
44 19 161.731 0 3 1.05828
45 19 159.698 0 3 1.05834
46 19 162.594 0 3 1.0583
47 19 158.976 0 3 1.05833
48 19 162.287 0 3 1.05829
49 19 162.723 0 3 1.05831
4 19 153.813 0 3 1.02148
50 19 160.968 0 3 1.05832
5 19 154.144 0 3 1.02215
6 19 154.616 0 3 1.0231
7 19 155.286 0 3 1.02447
8 19 156.222 0 3 1.0264
9 19 157.499 0 3 1.02912
9 1 347.216 0 3 1.14401
0 20 153.211 0 3 1.02027
10 20 158.243 0 3 1.03121
11 20 159.857 0 3 1.03567
12 20 161.33 0 3 1.04155
13 20 161.748 0 3 1.04895
14 20 159.538 0 3 1.05755
15 20 153.365 0 3 1.0663
16 20 144.768 0 3 1.07309
17 20 140.352 0 3 1.0752
18 20 150.781 0 3 1.07103
19 20 188.567 0 3 1.06242
1 20 153.278 0 3 1.0204
20 20 245.626 0 3 1.05421
21 20 272.925 0 3 1.04944
22 20 206.714 0 3 1.04791
23 20 140.62 0 3 1.05012
24 20 228.198 0 3 1.0532
25 20 281.676 0 3 1.05435
26 20 233.631 0 3 1.05408
27 20 148.909 0 3 1.05312
28 20 270.737 0 3 1.0524
29 20 190.424 0 3 1.05386
2 20 153.374 0 3 1.0206
30 20 155.741 0 3 1.05269
31 20 206.617 0 3 1.05364
32 20 183.756 0 3 1.05284
33 20 154.878 0 3 1.05303
34 20 156.537 0 3 1.05313
35 20 158.66 0 3 1.05327
36 20 164.796 0 3 1.05318
37 20 169.184 0 3 1.05328
38 20 171.05 0 3 1.0532
39 20 153.409 0 3 1.05329
3 20 153.514 0 3 1.02088
40 20 165.399 0 3 1.05318
41 20 157.991 0 3 1.05326
42 20 156.39 0 3 1.05322
43 20 160.446 0 3 1.05315
44 20 160.572 0 3 1.05318
45 20 158.822 0 3 1.05323
46 20 161.335 0 3 1.05319
47 20 158.229 0 3 1.05322
48 20 161.108 0 3 1.05319
49 20 161.513 0 3 1.0532
4 20 153.713 0 3 1.02128
50 20 160.044 0 3 1.05321
5 20 153.999 0 3 1.02186
6 20 154.406 0 3 1.0227
7 20 154.981 0 3 1.02388
8 20 155.778 0 3 1.02556
9 20 156.856 0 3 1.02793
0 2 154.981 0 3 1.02363
10 2 440.048 0 3 1.17676
0 21 153.191 0 3 1.02023
10 21 157.477 0 3 1.02974
11 21 158.806 0 3 1.03361
12 21 159.98 0 3 1.03871
13 21 160.223 0 3 1.04511
14 21 158.22 0 3 1.05254
15 21 152.837 0 3 1.06007
16 21 145.266 0 3 1.06592
17 21 141.062 0 3 1.06774
18 21 149.668 0 3 1.06415
19 21 181.776 0 3 1.05673
11 2 770.414 0 3 1.2536
1 21 153.249 0 3 1.02035
20 21 229.655 0 3 1.04965
21 21 250.996 0 3 1.04554
22 21 193.313 0 3 1.04422
23 21 134.162 0 3 1.04613
24 21 209.979 0 3 1.04879
25 21 255.596 0 3 1.04978
26 21 216.009 0 3 1.04955
27 21 143.488 0 3 1.04872
28 21 249.635 0 3 1.0481
29 21 181.461 0 3 1.04936
12 2 1569.77 0 3 1.37183
2 21 153.333 0 3 1.02052
30 21 152.586 0 3 1.04835
31 21 197.39 0 3 1.04917
32 21 178.555 0 3 1.04848
33 21 153.758 0 3 1.04865
34 21 155.6 0 3 1.04873
35 21 157.556 0 3 1.04885
36 21 163.028 0 3 1.04877
37 21 166.843 0 3 1.04886
38 21 168.499 0 3 1.04879
39 21 153.295 0 3 1.04887
13 2 3435.24 0 3 1.55533
3 21 153.454 0 3 1.02076
40 21 163.693 0 3 1.04877
41 21 157.284 0 3 1.04884
42 21 155.935 0 3 1.04881
43 21 159.461 0 3 1.04874
44 21 159.576 0 3 1.04877
45 21 158.069 0 3 1.04881
46 21 160.252 0 3 1.04878
47 21 157.586 0 3 1.04881
48 21 160.094 0 3 1.04878
49 21 160.472 0 3 1.04879
14 2 6615.32 0 3 1.83472
4 21 153.627 0 3 1.02111
50 21 159.248 0 3 1.0488
15 2 10036 0 3 2.21967
5 21 153.875 0 3 1.02162
16 2 16993.6 0 3 2.60125
6 21 154.226 0 3 1.02234
17 2 28847 0 3 2.66926
7 21 154.719 0 3 1.02337
18 2 29763.7 0 3 2.38042
8 21 155.4 0 3 1.02484
19 2 22337.7 0 3 2.05175
9 21 156.314 0 3 1.02689
1 2 155.901 0 3 1.02527
20 2 29575.2 0 3 1.71245
0 22 153.174 0 3 1.0202
10 22 156.833 0 3 1.02847
11 22 157.935 0 3 1.03183
12 22 158.877 0 3 1.03625
13 22 159 0 3 1.04179
14 22 157.199 0 3 1.04821
15 22 152.508 0 3 1.05471
16 22 145.857 0 3 1.05975
17 22 141.936 0 3 1.06132
18 22 149.078 0 3 1.05823
19 22 176.435 0 3 1.05183
21 2 43894 0 3 1.54412
1 22 153.225 0 3 1.0203
20 22 216.787 0 3 1.04572
21 22 233.57 0 3 1.04217
22 22 183.335 0 3 1.04103
23 22 130.647 0 3 1.04268
24 22 196.332 0 3 1.04498
25 22 235.347 0 3 1.04584
26 22 202.535 0 3 1.04563
27 22 140.321 0 3 1.04492
28 22 232.792 0 3 1.04438
29 22 174.728 0 3 1.04547
22 2 46706.7 0 3 1.49406
2 22 153.298 0 3 1.02045
30 22 150.57 0 3 1.0446
31 22 189.953 0 3 1.04531
32 22 174.346 0 3 1.04471
33 22 153.013 0 3 1.04486
34 22 154.911 0 3 1.04493
35 22 156.694 0 3 1.04503
36 22 161.554 0 3 1.04496
37 22 164.871 0 3 1.04504
38 22 166.335 0 3 1.04498
39 22 153.215 0 3 1.04504
23 2 57846.5 0 3 1.56559
3 22 153.403 0 3 1.02066
40 22 162.237 0 3 1.04496
41 22 156.688 0 3 1.04503
42 22 155.547 0 3 1.04499
43 22 158.613 0 3 1.04494
44 22 158.718 0 3 1.04496
45 22 157.421 0 3 1.045
46 22 159.321 0 3 1.04497
47 22 157.03 0 3 1.04499
48 22 159.22 0 3 1.04497
49 22 159.575 0 3 1.04498
24 2 62060.3 0 3 1.65705
4 22 153.553 0 3 1.02096
50 22 158.56 0 3 1.04499
25 2 66116.5 0 3 1.68352
5 22 153.767 0 3 1.0214
26 2 43501.8 0 3 1.68197
6 22 154.07 0 3 1.02203
27 2 38675.1 0 3 1.64029
7 22 154.495 0 3 1.02293
28 2 36594.2 0 3 1.6313
8 22 155.078 0 3 1.02421
29 2 23249.3 0 3 1.67184
9 22 155.855 0 3 1.02599
2 2 157.302 0 3 1.02765
30 2 16692.8 0 3 1.63428
0 23 153.159 0 3 1.02017
10 23 156.291 0 3 1.02736
11 23 157.209 0 3 1.03028
12 23 157.97 0 3 1.03411
13 23 158.012 0 3 1.03891
14 23 156.403 0 3 1.04447
15 23 152.316 0 3 1.05009
16 23 146.483 0 3 1.05444
17 23 142.881 0 3 1.0558
18 23 148.837 0 3 1.05314
19 23 172.205 0 3 1.0476
31 2 12222.9 0 3 1.66213
1 23 153.203 0 3 1.02025
20 23 206.346 0 3 1.04231
21 23 219.622 0 3 1.03924
22 23 175.883 0 3 1.03826
23 23 129.128 0 3 1.03969
24 23 186.072 0 3 1.04168
25 23 219.518 0 3 1.04242
26 23 192.175 0 3 1.04225
27 23 138.701 0 3 1.04163
28 23 219.249 0 3 1.04116
29 23 169.654 0 3 1.04211
32 2 6544.63 0 3 1.63657
2 23 153.267 0 3 1.02038
30 23 149.351 0 3 1.04135
31 23 183.915 0 3 1.04196
32 23 170.915 0 3 1.04145
33 23 152.534 0 3 1.04157
34 23 154.404 0 3 1.04164
35 23 156.016 0 3 1.04173
36 23 160.318 0 3 1.04167
37 23 163.203 0 3 1.04173
38 23 164.495 0 3 1.04168
39 23 153.159 0 3 1.04174
33 2 5241.18 0 3 1.64079
3 23 153.358 0 3 1.02057
40 23 160.991 0 3 1.04167
41 23 156.183 0 3 1.04172
42 23 155.215 0 3 1.0417
43 23 157.883 0 3 1.04165
44 23 157.979 0 3 1.04167
45 23 156.862 0 3 1.0417
46 23 158.518 0 3 1.04168
47 23 156.549 0 3 1.0417
48 23 158.466 0 3 1.04167
49 23 158.801 0 3 1.04168
34 2 2865.66 0 3 1.64294
4 23 153.488 0 3 1.02084
50 23 157.966 0 3 1.04169
35 2 2353.34 0 3 1.64598
5 23 153.674 0 3 1.02122
36 2 1292.97 0 3 1.64298
6 23 153.936 0 3 1.02177
37 2 1397.58 0 3 1.64587
7 23 154.302 0 3 1.02255
38 2 1197.59 0 3 1.64361
8 23 154.802 0 3 1.02366
39 2 596.729 0 3 1.64621
9 23 155.464 0 3 1.02521
3 2 159.479 0 3 1.03109
40 2 688.553 0 3 1.64297
0 24 153.146 0 3 1.02014
10 24 155.833 0 3 1.0264
11 24 156.601 0 3 1.02894
12 24 157.22 0 3 1.03226
13 24 157.208 0 3 1.03643
14 24 155.777 0 3 1.04124
15 24 152.217 0 3 1.0461
16 24 147.109 0 3 1.04986
17 24 143.834 0 3 1.05103
18 24 148.825 0 3 1.04873
19 24 168.831 0 3 1.04395
41 2 543.831 0 3 1.64537
1 24 153.185 0 3 1.02022
20 24 197.817 0 3 1.03937
21 24 208.38 0 3 1.03671
22 24 170.303 0 3 1.03587
23 24 128.938 0 3 1.0371
24 24 178.334 0 3 1.03882
25 24 207.063 0 3 1.03947
26 24 184.166 0 3 1.03931
27 24 138.127 0 3 1.03878
28 24 208.285 0 3 1.03838
29 24 165.815 0 3 1.0392
42 2 339.714 0 3 1.6441
2 24 153.24 0 3 1.02033
30 24 148.683 0 3 1.03854
31 24 178.982 0 3 1.03907
32 24 168.102 0 3 1.03863
33 24 152.241 0 3 1.03873
34 24 154.031 0 3 1.03879
35 24 155.479 0 3 1.03887
36 24 159.277 0 3 1.03881
37 24 161.786 0 3 1.03887
38 24 162.924 0 3 1.03883
39 24 153.12 0 3 1.03888
43 2 348.757 0 3 1.64197
3 24 153.319 0 3 1.02049
40 24 159.922 0 3 1.03882
41 24 155.753 0 3 1.03886
42 24 154.93 0 3 1.03884
43 24 157.252 0 3 1.0388
44 24 157.341 0 3 1.03882
45 24 156.379 0 3 1.03884
46 24 157.824 0 3 1.03882
47 24 156.133 0 3 1.03884
48 24 157.814 0 3 1.03882
49 24 158.133 0 3 1.03883
44 2 348.477 0 3 1.64294
4 24 153.432 0 3 1.02072
50 24 157.451 0 3 1.03883
45 2 304.191 0 3 1.64427
5 24 153.593 0 3 1.02106
46 2 355.369 0 3 1.64327
6 24 153.82 0 3 1.02153
47 2 258.794 0 3 1.64407
7 24 154.136 0 3 1.02221
48 2 326.502 0 3 1.6431
8 24 154.566 0 3 1.02318
49 2 335.38 0 3 1.64353
9 24 155.132 0 3 1.02453
4 2 162.947 0 3 1.03609
50 2 274.992 0 3 1.64379
0 25 153.135 0 3 1.02012
10 25 155.444 0 3 1.02557
11 25 156.089 0 3 1.02777
12 25 156.596 0 3 1.03066
13 25 156.55 0 3 1.03427
14 25 155.282 0 3 1.03844
15 25 152.181 0 3 1.04265
16 25 147.713 0 3 1.0459
17 25 144.76 0 3 1.04692
18 25 148.96 0 3 1.04493
19 25 166.121 0 3 1.04079
1 25 153.168 0 3 1.02018
20 25 190.806 0 3 1.03682
21 25 199.259 0 3 1.03452
22 25 166.113 0 3 1.03379
23 25 129.607 0 3 1.03486
24 25 172.477 0 3 1.03635
25 25 197.199 0 3 1.03691
26 25 177.941 0 3 1.03678
27 25 138.245 0 3 1.03631
28 25 199.349 0 3 1.03596
29 25 162.902 0 3 1.03667
2 25 153.216 0 3 1.02028
30 25 148.393 0 3 1.0361
31 25 174.926 0 3 1.03657
32 25 165.78 0 3 1.03618
33 25 152.077 0 3 1.03627
34 25 153.757 0 3 1.03632
35 25 155.051 0 3 1.03639
36 25 158.397 0 3 1.03634
37 25 160.58 0 3 1.03639
38 25 161.581 0 3 1.03636
39 25 153.093 0 3 1.0364
3 25 153.285 0 3 1.02042
40 25 159.003 0 3 1.03635
41 25 155.387 0 3 1.03639
42 25 154.685 0 3 1.03636
43 25 156.708 0 3 1.03633
44 25 156.79 0 3 1.03635
45 25 155.962 0 3 1.03637
46 25 157.225 0 3 1.03635
47 25 155.773 0 3 1.03636
48 25 157.251 0 3 1.03635
49 25 157.555 0 3 1.03636
4 25 153.384 0 3 1.02063
50 25 157.006 0 3 1.03636
5 25 153.523 0 3 1.02092
6 25 153.72 0 3 1.02133
7 25 153.992 0 3 1.02192
8 25 154.363 0 3 1.02276
9 25 154.848 0 3 1.02394
5 2 168.659 0 3 1.04335
0 26 153.125 0 3 1.0201
10 26 155.112 0 3 1.02484
11 26 155.657 0 3 1.02675
12 26 156.074 0 3 1.02926
13 26 156.007 0 3 1.0324
14 26 154.887 0 3 1.03601
15 26 152.187 0 3 1.03966
16 26 148.282 0 3 1.04248
17 26 145.635 0 3 1.04336
18 26 149.183 0 3 1.04164
19 26 163.931 0 3 1.03805
1 26 153.154 0 3 1.02016
20 26 185.011 0 3 1.03461
21 26 191.814 0 3 1.03262
22 26 162.961 0 3 1.03198
23 26 130.809 0 3 1.03291
24 26 168.031 0 3 1.0342
25 26 189.338 0 3 1.03469
26 26 173.076 0 3 1.03457
27 26 138.804 0 3 1.03418
28 26 192.023 0 3 1.03387
29 26 160.684 0 3 1.03449
2 26 153.196 0 3 1.02024
30 26 148.356 0 3 1.03399
31 26 171.571 0 3 1.03439
32 26 163.853 0 3 1.03406
33 26 152.002 0 3 1.03414
34 26 153.556 0 3 1.03418
35 26 154.708 0 3 1.03424
36 26 157.65 0 3 1.0342
37 26 159.55 0 3 1.03424
38 26 160.428 0 3 1.03421
39 26 153.075 0 3 1.03425
3 26 153.256 0 3 1.02036
40 26 158.211 0 3 1.0342
41 26 155.074 0 3 1.03424
42 26 154.475 0 3 1.03422
43 26 156.237 0 3 1.03419
44 26 156.313 0 3 1.0342
45 26 155.6 0 3 1.03422
46 26 156.706 0 3 1.03421
47 26 155.461 0 3 1.03422
48 26 156.763 0 3 1.0342
49 26 157.055 0 3 1.03421
4 26 153.341 0 3 1.02054
50 26 156.62 0 3 1.03421
5 26 153.463 0 3 1.02079
6 26 153.633 0 3 1.02115
7 26 153.869 0 3 1.02167
8 26 154.188 0 3 1.0224
9 26 154.604 0 3 1.02342
6 2 178.446 0 3 1.05394
0 27 153.117 0 3 1.02008
10 27 154.83 0 3 1.02421
11 27 155.291 0 3 1.02587
12 27 155.636 0 3 1.02805
13 27 155.558 0 3 1.03078
14 27 154.571 0 3 1.03391
15 27 152.22 0 3 1.03707
16 27 148.808 0 3 1.03952
17 27 146.448 0 3 1.04028
18 27 149.455 0 3 1.03879
19 27 162.15 0 3 1.03568
1 27 153.142 0 3 1.02013
20 27 180.194 0 3 1.0327
21 27 185.701 0 3 1.03097
22 27 160.585 0 3 1.03042
23 27 132.314 0 3 1.03122
24 27 164.646 0 3 1.03234
25 27 183.034 0 3 1.03277
26 27 169.253 0 3 1.03267
27 27 139.632 0 3 1.03232
28 27 185.981 0 3 1.03205
29 27 158.989 0 3 1.03259
2 27 153.178 0 3 1.02021
30 27 148.484 0 3 1.03216
31 27 168.783 0 3 1.03251
32 27 162.247 0 3 1.03222
33 27 151.988 0 3 1.03229
34 27 153.409 0 3 1.03233
35 27 154.43 0 3 1.03237
36 27 157.014 0 3 1.03234
37 27 158.668 0 3 1.03238
38 27 159.438 0 3 1.03235
39 27 153.064 0 3 1.03238
3 27 153.23 0 3 1.02031
40 27 157.529 0 3 1.03234
41 27 154.806 0 3 1.03237
42 27 154.293 0 3 1.03236
43 27 155.829 0 3 1.03233
44 27 155.9 0 3 1.03234
45 27 155.288 0 3 1.03236
46 27 156.257 0 3 1.03235
47 27 155.19 0 3 1.03236
48 27 156.34 0 3 1.03234
49 27 156.621 0 3 1.03235
4 27 153.305 0 3 1.02047
50 27 156.285 0 3 1.03235
5 27 153.41 0 3 1.02069
6 27 153.557 0 3 1.021
7 27 153.762 0 3 1.02145
8 27 154.037 0 3 1.02209
9 27 154.395 0 3 1.02298
7 2 196.022 0 3 1.06945
0 28 153.109 0 3 1.02007
10 28 154.588 0 3 1.02366
11 28 154.98 0 3 1.02511
12 28 155.266 0 3 1.027
13 28 155.184 0 3 1.02937
14 28 154.315 0 3 1.03209
15 28 152.269 0 3 1.03483
16 28 149.29 0 3 1.03695
17 28 147.194 0 3 1.03762
18 28 149.75 0 3 1.03632
19 28 160.693 0 3 1.03362
1 28 153.131 0 3 1.02011
20 28 176.172 0 3 1.03103
21 28 180.654 0 3 1.02953
22 28 158.791 0 3 1.02906
23 28 133.967 0 3 1.02976
24 28 162.061 0 3 1.03073
25 28 177.948 0 3 1.0311
26 28 166.232 0 3 1.03101
27 28 140.605 0 3 1.03071
28 28 180.971 0 3 1.03048
29 28 157.691 0 3 1.03094
2 28 153.163 0 3 1.02017
30 28 148.716 0 3 1.03057
31 28 166.454 0 3 1.03087
32 28 160.901 0 3 1.03062
33 28 152.013 0 3 1.03068
34 28 153.301 0 3 1.03071
35 28 154.205 0 3 1.03076
36 28 156.471 0 3 1.03073
37 28 157.911 0 3 1.03076
38 28 158.586 0 3 1.03073
39 28 153.057 0 3 1.03076
3 28 153.208 0 3 1.02027
40 28 156.94 0 3 1.03073
41 28 154.575 0 3 1.03075
42 28 154.137 0 3 1.03074
43 28 155.476 0 3 1.03072
44 28 155.542 0 3 1.03073
45 28 155.017 0 3 1.03074
46 28 155.868 0 3 1.03073
47 28 154.956 0 3 1.03074
48 28 155.973 0 3 1.03073
49 28 156.246 0 3 1.03074
4 28 153.273 0 3 1.0204
50 28 155.994 0 3 1.03074
5 28 153.364 0 3 1.02059
6 28 153.492 0 3 1.02087
7 28 153.669 0 3 1.02126
8 28 153.907 0 3 1.02181
9 28 154.216 0 3 1.02259
8 2 229.316 0 3 1.09227
0 29 153.103 0 3 1.02005
10 29 154.381 0 3 1.02318
11 29 154.715 0 3 1.02444
12 29 154.954 0 3 1.02609
13 29 154.871 0 3 1.02814
14 29 154.108 0 3 1.03051
15 29 152.326 0 3 1.03289
16 29 149.726 0 3 1.03473
17 29 147.87 0 3 1.0353
18 29 150.05 0 3 1.03418
19 29 159.495 0 3 1.03184
1 29 153.122 0 3 1.02009
20 29 172.798 0 3 1.02959
21 29 176.465 0 3 1.02829
22 29 157.432 0 3 1.02788
23 29 135.662 0 3 1.02848
24 29 160.08 0 3 1.02933
25 29 173.821 0 3 1.02965
26 29 163.832 0 3 1.02957
27 29 141.642 0 3 1.02931
28 29 176.797 0 3 1.02911
29 29 156.692 0 3 1.02951
2 29 153.149 0 3 1.02015
30 29 149.006 0 3 1.02919
31 29 164.5 0 3 1.02945
32 29 159.768 0 3 1.02923
33 29 152.064 0 3 1.02929
34 29 153.224 0 3 1.02931
35 29 154.021 0 3 1.02935
36 29 156.007 0 3 1.02933
37 29 157.26 0 3 1.02935
38 29 157.851 0 3 1.02933
39 29 153.053 0 3 1.02936
3 29 153.189 0 3 1.02023
40 29 156.431 0 3 1.02933
41 29 154.377 0 3 1.02935
42 29 154.001 0 3 1.02934
43 29 155.169 0 3 1.02932
44 29 155.232 0 3 1.02933
45 29 154.781 0 3 1.02934
46 29 155.531 0 3 1.02933
47 29 154.752 0 3 1.02934
48 29 155.655 0 3 1.02933
49 29 155.92 0 3 1.02933
4 29 153.245 0 3 1.02034
50 29 155.742 0 3 1.02934
5 29 153.324 0 3 1.02051
6 29 153.436 0 3 1.02075
7 29 153.589 0 3 1.02109
8 29 153.795 0 3 1.02157
9 29 154.061 0 3 1.02225
9 2 296.273 0 3 1.1261
0 30 153.097 0 3 1.02004
10 30 154.203 0 3 1.02276
11 30 154.488 0 3 1.02386
12 30 154.688 0 3 1.02529
13 30 154.608 0 3 1.02708
14 30 153.939 0 3 1.02913
15 30 152.387 0 3 1.0312
16 30 150.119 0 3 1.0328
17 30 148.48 0 3 1.0333
18 30 150.343 0 3 1.03233
19 30 158.504 0 3 1.03029
1 30 153.114 0 3 1.02007
20 30 169.956 0 3 1.02834
21 30 172.972 0 3 1.02721
22 30 156.403 0 3 1.02685
23 30 137.329 0 3 1.02738
24 30 158.558 0 3 1.02811
25 30 170.453 0 3 1.02839
26 30 161.916 0 3 1.02832
27 30 142.687 0 3 1.02809
28 30 173.303 0 3 1.02792
29 30 155.922 0 3 1.02827
2 30 153.138 0 3 1.02012
30 30 149.327 0 3 1.02799
31 30 162.854 0 3 1.02822
32 30 158.812 0 3 1.02803
33 30 152.128 0 3 1.02807
34 30 153.167 0 3 1.0281
35 30 153.87 0 3 1.02813
36 30 155.608 0 3 1.02811
37 30 156.699 0 3 1.02813
38 30 157.217 0 3 1.02811
39 30 153.051 0 3 1.02813
3 30 153.172 0 3 1.02019
40 30 155.99 0 3 1.02811
41 30 154.206 0 3 1.02813
42 30 153.884 0 3 1.02812
43 30 154.903 0 3 1.0281
44 30 154.962 0 3 1.02811
45 30 154.577 0 3 1.02812
46 30 155.238 0 3 1.02811
47 30 154.574 0 3 1.02812
48 30 155.379 0 3 1.02811
49 30 155.637 0 3 1.02811
4 30 153.221 0 3 1.0203
50 30 155.523 0 3 1.02812
5 30 153.29 0 3 1.02044
6 30 153.387 0 3 1.02065
7 30 153.519 0 3 1.02095
8 30 153.698 0 3 1.02136
9 30 153.927 0 3 1.02195
0 3 154.72 0 3 1.02316
10 3 358.164 0 3 1.1535
0 31 153.092 0 3 1.02003
10 31 154.049 0 3 1.0224
11 31 154.294 0 3 1.02335
12 31 154.462 0 3 1.0246
13 31 154.386 0 3 1.02616
14 31 153.8 0 3 1.02794
15 31 152.449 0 3 1.02974
16 31 150.47 0 3 1.03112
17 31 149.026 0 3 1.03156
18 31 150.622 0 3 1.03071
19 31 157.68 0 3 1.02895
11 3 563.025 0 3 1.2168
1 31 153.107 0 3 1.02006
20 31 167.553 0 3 1.02725
21 31 170.046 0 3 1.02627
22 31 155.621 0 3 1.02595
23 31 138.924 0 3 1.02641
24 31 157.385 0 3 1.02705
25 31 167.69 0 3 1.02729
26 31 160.376 0 3 1.02723
27 31 143.702 0 3 1.02704
28 31 170.367 0 3 1.02688
29 31 155.325 0 3 1.02719
12 3 997.188 0 3 1.31158
2 31 153.128 0 3 1.0201
30 31 149.656 0 3 1.02695
31 31 161.462 0 3 1.02714
32 31 158.001 0 3 1.02698
33 31 152.2 0 3 1.02702
34 31 153.127 0 3 1.02704
35 31 153.745 0 3 1.02707
36 31 155.266 0 3 1.02705
37 31 156.216 0 3 1.02707
38 31 156.669 0 3 1.02706
39 31 153.05 0 3 1.02707
13 3 1830.77 0 3 1.45284
3 31 153.157 0 3 1.02016
40 31 155.608 0 3 1.02705
41 31 154.058 0 3 1.02707
42 31 153.783 0 3 1.02706
43 31 154.673 0 3 1.02704
44 31 154.728 0 3 1.02705
45 31 154.4 0 3 1.02706
46 31 154.984 0 3 1.02705
47 31 154.421 0 3 1.02706
48 31 155.139 0 3 1.02705
49 31 155.391 0 3 1.02706
14 3 2943.74 0 3 1.65606
4 31 153.2 0 3 1.02025
50 31 155.333 0 3 1.02706
15 3 3919.91 0 3 1.91655
5 31 153.26 0 3 1.02038
16 3 6184.32 0 3 2.15711
6 31 153.344 0 3 1.02056
17 3 10488.2 0 3 2.2077
7 31 153.459 0 3 1.02082
18 3 11500.1 0 3 2.03336
8 31 153.614 0 3 1.02118
19 3 10037.8 0 3 1.79675
9 31 153.812 0 3 1.0217
1 3 155.508 0 3 1.02458
20 3 15340.9 0 3 1.56925
0 32 153.088 0 3 1.02002
10 32 153.917 0 3 1.02209
11 32 154.127 0 3 1.02292
12 32 154.269 0 3 1.024
13 32 154.199 0 3 1.02535
14 32 153.685 0 3 1.0269
15 32 152.508 0 3 1.02846
16 32 150.783 0 3 1.02967
17 32 149.512 0 3 1.03005
18 32 150.883 0 3 1.02931
19 32 156.993 0 3 1.02778
21 3 23341.9 0 3 1.44837
1 32 153.101 0 3 1.02005
20 32 165.515 0 3 1.0263
21 32 167.585 0 3 1.02545
22 32 155.027 0 3 1.02518
23 32 140.42 0 3 1.02558
24 32 156.477 0 3 1.02613
25 32 165.411 0 3 1.02634
26 32 159.132 0 3 1.02629
27 32 144.667 0 3 1.02612
28 32 167.889 0 3 1.02599
29 32 154.861 0 3 1.02625
22 3 24760.4 0 3 1.40976
2 32 153.119 0 3 1.02009
30 32 149.98 0 3 1.02604
31 32 160.282 0 3 1.02621
32 32 157.312 0 3 1.02607
33 32 152.275 0 3 1.0261
34 32 153.099 0 3 1.02612
35 32 153.641 0 3 1.02615
36 32 154.971 0 3 1.02613
37 32 155.799 0 3 1.02615
38 32 156.195 0 3 1.02613
39 32 153.051 0 3 1.02615
23 3 30103.2 0 3 1.46245
3 32 153.145 0 3 1.02014
40 32 155.278 0 3 1.02613
41 32 153.931 0 3 1.02615
42 32 153.695 0 3 1.02614
43 32 154.473 0 3 1.02612
44 32 154.525 0 3 1.02613
45 32 154.246 0 3 1.02614
46 32 154.763 0 3 1.02613
47 32 154.287 0 3 1.02614
48 32 154.931 0 3 1.02613
49 32 155.178 0 3 1.02613
24 3 32162.1 0 3 1.53178
4 32 153.182 0 3 1.02022
50 32 155.167 0 3 1.02614
25 3 34750.3 0 3 1.55104
5 32 153.234 0 3 1.02033
26 3 23944.1 0 3 1.54994
6 32 153.307 0 3 1.02048
27 3 20779.8 0 3 1.52122
7 32 153.407 0 3 1.02071
28 3 20436.8 0 3 1.5129
8 32 153.541 0 3 1.02103
29 3 13163 0 3 1.54307
9 32 153.713 0 3 1.02147
2 3 156.698 0 3 1.02665
30 3 9319.94 0 3 1.51574
0 33 153.084 0 3 1.02001
10 33 153.803 0 3 1.02181
11 33 153.983 0 3 1.02253
12 33 154.104 0 3 1.02348
13 33 154.039 0 3 1.02465
14 33 153.59 0 3 1.026
15 33 152.565 0 3 1.02736
16 33 151.061 0 3 1.02841
17 33 149.945 0 3 1.02874
18 33 151.123 0 3 1.0281
19 33 156.417 0 3 1.02676
31 3 7257.35 0 3 1.53651
1 33 153.095 0 3 1.02004
20 33 163.782 0 3 1.02548
21 33 165.508 0 3 1.02474
22 33 154.574 0 3 1.0245
23 33 141.804 0 3 1.02485
24 33 155.772 0 3 1.02533
25 33 163.522 0 3 1.02551
26 33 158.123 0 3 1.02547
27 33 145.566 0 3 1.02532
28 33 165.79 0 3 1.02521
29 33 154.499 0 3 1.02544
32 3 3950.15 0 3 1.51766
2 33 153.111 0 3 1.02007
30 33 150.29 0 3 1.02525
31 33 159.277 0 3 1.0254
32 33 156.724 0 3 1.02528
33 33 152.349 0 3 1.02531
34 33 153.079 0 3 1.02532
35 33 153.555 0 3 1.02534
36 33 154.717 0 3 1.02533
37 33 155.438 0 3 1.02535
38 33 155.784 0 3 1.02533
39 33 153.052 0 3 1.02535
33 3 2992.47 0 3 1.52101
3 33 153.134 0 3 1.02012
40 33 154.991 0 3 1.02533
41 33 153.821 0 3 1.02534
42 33 153.618 0 3 1.02534
43 33 154.299 0 3 1.02533
44 33 154.349 0 3 1.02533
45 33 154.113 0 3 1.02534
46 33 154.571 0 3 1.02533
47 33 154.17 0 3 1.02534
48 33 154.75 0 3 1.02533
49 33 154.992 0 3 1.02533
34 3 1697.12 0 3 1.52272
4 33 153.166 0 3 1.02018
50 33 155.023 0 3 1.02534
35 3 1404.54 0 3 1.52511
5 33 153.211 0 3 1.02028
36 3 881.984 0 3 1.52291
6 33 153.275 0 3 1.02042
37 3 951.276 0 3 1.52509
7 33 153.362 0 3 1.02061
38 3 849.822 0 3 1.5234
8 33 153.478 0 3 1.02089
39 3 402.941 0 3 1.52534
9 33 153.627 0 3 1.02128
3 3 158.528 0 3 1.02964
40 3 522.343 0 3 1.52293
0 34 153.081 0 3 1.02001
10 34 153.705 0 3 1.02157
11 34 153.86 0 3 1.0222
12 34 153.963 0 3 1.02302
13 34 153.903 0 3 1.02405
14 34 153.51 0 3 1.02522
15 34 152.618 0 3 1.0264
16 34 151.307 0 3 1.02731
17 34 150.328 0 3 1.02759
18 34 151.343 0 3 1.02704
19 34 155.931 0 3 1.02588
41 3 400.311 0 3 1.52473
1 34 153.091 0 3 1.02003
20 34 162.302 0 3 1.02476
21 34 163.748 0 3 1.02412
22 34 154.228 0 3 1.02391
23 34 143.07 0 3 1.02422
24 34 155.223 0 3 1.02463
25 34 161.949 0 3 1.02479
26 34 157.299 0 3 1.02476
27 34 146.395 0 3 1.02463
28 34 164.008 0 3 1.02453
29 34 154.216 0 3 1.02473
42 3 273.77 0 3 1.52378
2 34 153.104 0 3 1.02006
30 34 150.582 0 3 1.02457
31 34 158.42 0 3 1.0247
32 34 156.222 0 3 1.02459
33 34 152.42 0 3 1.02461
34 34 153.065 0 3 1.02463
35 34 153.482 0 3 1.02465
36 34 154.498 0 3 1.02463
37 34 155.126 0 3 1.02465
38 34 155.428 0 3 1.02464
39 34 153.054 0 3 1.02465
43 3 299.563 0 3 1.52218
3 34 153.124 0 3 1.0201
40 34 154.742 0 3 1.02464
41 34 153.725 0 3 1.02465
42 34 153.552 0 3 1.02464
43 34 154.147 0 3 1.02463
44 34 154.196 0 3 1.02464
45 34 153.996 0 3 1.02464
46 34 154.405 0 3 1.02464
47 34 154.069 0 3 1.02464
48 34 154.592 0 3 1.02464
49 34 154.831 0 3 1.02464
44 3 299.291 0 3 1.52291
4 34 153.152 0 3 1.02015
50 34 154.898 0 3 1.02464
45 3 264.967 0 3 1.52391
5 34 153.192 0 3 1.02024
46 3 306.877 0 3 1.52316
6 34 153.247 0 3 1.02036
47 3 234.738 0 3 1.52376
7 34 153.322 0 3 1.02053
48 3 287.639 0 3 1.52303
8 34 153.423 0 3 1.02077
49 3 293.849 0 3 1.52335
9 34 153.552 0 3 1.02111
4 3 161.408 0 3 1.03397
50 3 250.011 0 3 1.52355
0 35 153.078 0 3 1.02
10 35 153.619 0 3 1.02136
11 35 153.753 0 3 1.02191
12 35 153.841 0 3 1.02263
13 35 153.787 0 3 1.02352
14 35 153.444 0 3 1.02454
15 35 152.667 0 3 1.02556
16 35 151.524 0 3 1.02635
17 35 150.666 0 3 1.0266
18 35 151.541 0 3 1.02612
19 35 155.522 0 3 1.02511
1 35 153.087 0 3 1.02002
20 35 161.038 0 3 1.02414
21 35 162.253 0 3 1.02358
22 35 153.964 0 3 1.0234
23 35 144.218 0 3 1.02367
24 35 154.793 0 3 1.02403
25 35 160.633 0 3 1.02417
26 35 156.623 0 3 1.02413
27 35 147.15 0 3 1.02402
28 35 162.49 0 3 1.02393
29 35 153.993 0 3 1.02411
2 35 153.099 0 3 1.02004
30 35 150.852 0 3 1.02397
31 35 157.686 0 3 1.02408
32 35 155.792 0 3 1.02399
33 35 152.488 0 3 1.02401
34 35 153.056 0 3 1.02402
35 35 153.422 0 3 1.02404
36 35 154.308 0 3 1.02403
37 35 154.855 0 3 1.02404
38 35 155.12 0 3 1.02403
39 35 153.055 0 3 1.02404
3 35 153.116 0 3 1.02008
40 35 154.526 0 3 1.02403
41 35 153.643 0 3 1.02404
42 35 153.495 0 3 1.02403
43 35 154.016 0 3 1.02403
44 35 154.062 0 3 1.02403
45 35 153.895 0 3 1.02404
46 35 154.26 0 3 1.02403
47 35 153.981 0 3 1.02403
48 35 154.456 0 3 1.02403
49 35 154.691 0 3 1.02403
4 35 153.14 0 3 1.02013
50 35 154.79 0 3 1.02403
5 35 153.174 0 3 1.0202
6 35 153.222 0 3 1.02031
7 35 153.288 0 3 1.02046
8 35 153.376 0 3 1.02067
9 35 153.487 0 3 1.02096
5 3 166.072 0 3 1.04026
0 36 153.076 0 3 1.02
10 36 153.546 0 3 1.02118
11 36 153.661 0 3 1.02166
12 36 153.736 0 3 1.02228
13 36 153.688 0 3 1.02306
14 36 153.388 0 3 1.02395
15 36 152.712 0 3 1.02484
16 36 151.716 0 3 1.02553
17 36 150.964 0 3 1.02574
18 36 151.72 0 3 1.02532
19 36 155.174 0 3 1.02445
1 36 153.083 0 3 1.02001
20 36 159.953 0 3 1.0236
21 36 160.979 0 3 1.02311
22 36 153.762 0 3 1.02296
23 36 145.252 0 3 1.02319
24 36 154.456 0 3 1.0235
25 36 159.529 0 3 1.02362
26 36 156.066 0 3 1.02359
27 36 147.833 0 3 1.0235
28 36 161.194 0 3 1.02342
29 36 153.817 0 3 1.02357
2 36 153.093 0 3 1.02003
30 36 151.1 0 3 1.02345
31 36 157.058 0 3 1.02355
32 36 155.422 0 3 1.02347
33 36 152.55 0 3 1.02349
34 36 153.05 0 3 1.0235
35 36 153.37 0 3 1.02351
36 36 154.144 0 3 1.0235
37 36 154.621 0 3 1.02351
38 36 154.852 0 3 1.02351
39 36 153.057 0 3 1.02351
3 36 153.108 0 3 1.02006
40 36 154.338 0 3 1.0235
41 36 153.571 0 3 1.02351
42 36 153.445 0 3 1.02351
43 36 153.902 0 3 1.0235
44 36 153.946 0 3 1.0235
45 36 153.807 0 3 1.02351
46 36 154.134 0 3 1.0235
47 36 153.905 0 3 1.02351
48 36 154.337 0 3 1.0235
49 36 154.569 0 3 1.02351
4 36 153.13 0 3 1.02011
50 36 154.695 0 3 1.02351
5 36 153.16 0 3 1.02017
6 36 153.201 0 3 1.02026
7 36 153.258 0 3 1.02039
8 36 153.334 0 3 1.02058
9 36 153.431 0 3 1.02083
6 3 173.896 0 3 1.04942
0 37 153.074 0 3 1.01999
10 37 153.482 0 3 1.02103
11 37 153.582 0 3 1.02144
12 37 153.646 0 3 1.02198
13 37 153.603 0 3 1.02266
14 37 153.341 0 3 1.02343
15 37 152.752 0 3 1.02421
16 37 151.884 0 3 1.0248
17 37 151.226 0 3 1.02499
18 37 151.88 0 3 1.02463
19 37 154.879 0 3 1.02386
1 37 153.08 0 3 1.02001
20 37 159.023 0 3 1.02313
21 37 159.891 0 3 1.02271
22 37 153.606 0 3 1.02257
23 37 146.179 0 3 1.02277
24 37 154.189 0 3 1.02305
25 37 158.598 0 3 1.02315
26 37 155.604 0 3 1.02312
27 37 148.448 0 3 1.02304
28 37 160.084 0 3 1.02297
29 37 153.677 0 3 1.02311
2 37 153.089 0 3 1.02002
30 37 151.324 0 3 1.023
31 37 156.518 0 3 1.02309
32 37 155.105 0 3 1.02301
33 37 152.607 0 3 1.02303
34 37 153.047 0 3 1.02304
35 37 153.327 0 3 1.02305
36 37 154.002 0 3 1.02305
37 37 154.418 0 3 1.02305
38 37 154.62 0 3 1.02305
39 37 153.059 0 3 1.02306
3 37 153.102 0 3 1.02005
40 37 154.175 0 3 1.02305
41 37 153.509 0 3 1.02305
42 37 153.402 0 3 1.02305
43 37 153.802 0 3 1.02304
44 37 153.846 0 3 1.02305
45 37 153.731 0 3 1.02305
46 37 154.024 0 3 1.02305
47 37 153.838 0 3 1.02305
48 37 154.233 0 3 1.02305
49 37 154.463 0 3 1.02305
4 37 153.121 0 3 1.02009
50 37 154.613 0 3 1.02305
5 37 153.147 0 3 1.02015
6 37 153.183 0 3 1.02022
7 37 153.232 0 3 1.02034
8 37 153.299 0 3 1.0205
9 37 153.383 0 3 1.02072
7 3 187.574 0 3 1.06276
0 38 153.072 0 3 1.01999
10 38 153.427 0 3 1.02089
11 38 153.513 0 3 1.02125
12 38 153.568 0 3 1.02172
13 38 153.529 0 3 1.02231
14 38 153.301 0 3 1.02298
15 38 152.788 0 3 1.02366
16 38 152.032 0 3 1.02418
17 38 151.457 0 3 1.02434
18 38 152.022 0 3 1.02402
19 38 154.627 0 3 1.02336
1 38 153.077 0 3 1.02
20 38 158.222 0 3 1.02272
21 38 158.959 0 3 1.02235
22 38 153.487 0 3 1.02223
23 38 147.006 0 3 1.02241
24 38 153.979 0 3 1.02265
25 38 157.81 0 3 1.02274
26 38 155.22 0 3 1.02272
27 38 148.998 0 3 1.02264
28 38 159.132 0 3 1.02258
29 38 153.565 0 3 1.0227
2 38 153.085 0 3 1.02002
30 38 151.527 0 3 1.02261
31 38 156.054 0 3 1.02268
32 38 154.832 0 3 1.02262
33 38 152.659 0 3 1.02264
34 38 153.045 0 3 1.02264
35 38 153.29 0 3 1.02265
36 38 153.879 0 3 1.02265
37 38 154.241 0 3 1.02265
38 38 154.418 0 3 1.02265
39 38 153.061 0 3 1.02266
3 38 153.097 0 3 1.02004
40 38 154.033 0 3 1.02265
41 38 153.455 0 3 1.02265
42 38 153.364 0 3 1.02265
43 38 153.716 0 3 1.02264
44 38 153.758 0 3 1.02265
45 38 153.665 0 3 1.02265
46 38 153.929 0 3 1.02265
47 38 153.78 0 3 1.02265
48 38 154.143 0 3 1.02265
49 38 154.371 0 3 1.02265
4 38 153.113 0 3 1.02007
50 38 154.541 0 3 1.02265
5 38 153.135 0 3 1.02012
6 38 153.167 0 3 1.02019
7 38 153.21 0 3 1.02029
8 38 153.267 0 3 1.02043
9 38 153.341 0 3 1.02062
8 3 212.621 0 3 1.08229
0 39 153.07 0 3 1.01999
10 39 153.379 0 3 1.02077
11 39 153.453 0 3 1.02108
12 39 153.501 0 3 1.0215
13 39 153.466 0 3 1.02201
14 39 153.267 0 3 1.02259
15 39 152.82 0 3 1.02318
16 39 152.162 0 3 1.02363
17 39 151.659 0 3 1.02377
18 39 152.148 0 3 1.0235
19 39 154.412 0 3 1.02292
1 39 153.075 0 3 1.02
20 39 157.532 0 3 1.02236
21 39 158.16 0 3 1.02204
22 39 153.394 0 3 1.02194
23 39 147.741 0 3 1.02209
24 39 153.811 0 3 1.0223
25 39 157.142 0 3 1.02238
26 39 154.899 0 3 1.02236
27 39 149.488 0 3 1.0223
28 39 158.314 0 3 1.02225
29 39 153.476 0 3 1.02235
2 39 153.082 0 3 1.02001
30 39 151.708 0 3 1.02227
31 39 155.654 0 3 1.02233
32 39 154.596 0 3 1.02228
33 39 152.705 0 3 1.02229
34 39 153.044 0 3 1.0223
35 39 153.258 0 3 1.02231
36 39 153.773 0 3 1.0223
37 39 154.088 0 3 1.02231
38 39 154.243 0 3 1.0223
39 39 153.062 0 3 1.02231
3 39 153.092 0 3 1.02003
40 39 153.91 0 3 1.0223
41 39 153.408 0 3 1.02231
42 39 153.331 0 3 1.0223
43 39 153.641 0 3 1.0223
44 39 153.682 0 3 1.0223
45 39 153.607 0 3 1.0223
46 39 153.846 0 3 1.0223
47 39 153.73 0 3 1.0223
48 39 154.065 0 3 1.0223
49 39 154.291 0 3 1.0223
4 39 153.106 0 3 1.02006
50 39 154.479 0 3 1.0223
5 39 153.125 0 3 1.0201
6 39 153.153 0 3 1.02016
7 39 153.19 0 3 1.02025
8 39 153.24 0 3 1.02037
9 39 153.304 0 3 1.02054
9 3 260.804 0 3 1.11101
0 40 153.069 0 3 1.01998
10 40 153.337 0 3 1.02067
11 40 153.402 0 3 1.02094
12 40 153.442 0 3 1.0213
13 40 153.412 0 3 1.02174
14 40 153.238 0 3 1.02225
15 40 152.849 0 3 1.02276
16 40 152.275 0 3 1.02316
17 40 151.836 0 3 1.02328
18 40 152.26 0 3 1.02304
19 40 154.228 0 3 1.02254
1 40 153.073 0 3 1.01999
20 40 156.937 0 3 1.02205
21 40 157.473 0 3 1.02177
22 40 153.323 0 3 1.02169
23 40 148.392 0 3 1.02182
24 40 153.676 0 3 1.022
25 40 156.574 0 3 1.02207
26 40 154.63 0 3 1.02205
27 40 149.923 0 3 1.02199
28 40 157.61 0 3 1.02195
29 40 153.404 0 3 1.02204
2 40 153.079 0 3 1.02
30 40 151.871 0 3 1.02197
31 40 155.309 0 3 1.02202
32 40 154.392 0 3 1.02198
33 40 152.748 0 3 1.02199
34 40 153.045 0 3 1.022
35 40 153.232 0 3 1.022
36 40 153.68 0 3 1.022
37 40 153.955 0 3 1.022
38 40 154.091 0 3 1.022
39 40 153.064 0 3 1.022
3 40 153.088 0 3 1.02002
40 40 153.803 0 3 1.022
41 40 153.368 0 3 1.022
42 40 153.303 0 3 1.022
43 40 153.575 0 3 1.022
44 40 153.615 0 3 1.022
45 40 153.556 0 3 1.022
46 40 153.774 0 3 1.022
47 40 153.686 0 3 1.022
48 40 153.997 0 3 1.022
49 40 154.221 0 3 1.022
4 40 153.1 0 3 1.02005
50 40 154.425 0 3 1.022
5 40 153.117 0 3 1.02008
6 40 153.141 0 3 1.02014
7 40 153.173 0 3 1.02021
8 40 153.217 0 3 1.02032
9 40 153.272 0 3 1.02046
0 4 154.496 0 3 1.02275
10 4 303.302 0 3 1.13407
0 41 153.068 0 3 1.01998
10 41 153.301 0 3 1.02058
11 41 153.357 0 3 1.02081
12 41 153.392 0 3 1.02113
13 41 153.365 0 3 1.02151
14 41 153.214 0 3 1.02196
15 41 152.875 0 3 1.0224
16 41 152.375 0 3 1.02274
17 41 151.991 0 3 1.02285
18 41 152.359 0 3 1.02264
19 41 154.07 0 3 1.02221
11 4 436.069 0 3 1.18667
1 41 153.071 0 3 1.01999
20 41 156.423 0 3 1.02178
21 41 156.882 0 3 1.02154
22 41 153.268 0 3 1.02146
23 41 148.968 0 3 1.02158
24 41 153.569 0 3 1.02173
25 41 156.089 0 3 1.0218
26 41 154.403 0 3 1.02178
27 41 150.308 0 3 1.02173
28 41 157.003 0 3 1.02169
29 41 153.346 0 3 1.02177
12 4 690.176 0 3 1.26373
2 41 153.076 0 3 1.02
30 41 152.015 0 3 1.02171
31 41 155.011 0 3 1.02176
32 41 154.216 0 3 1.02172
33 41 152.785 0 3 1.02173
34 41 153.045 0 3 1.02173
35 41 153.209 0 3 1.02174
36 41 153.6 0 3 1.02174
37 41 153.84 0 3 1.02174
38 41 153.958 0 3 1.02174
39 41 153.065 0 3 1.02174
13 4 1113.98 0 3 1.37504
3 41 153.084 0 3 1.02001
40 41 153.71 0 3 1.02174
41 41 153.332 0 3 1.02174
42 41 153.278 0 3 1.02174
43 41 153.518 0 3 1.02173
44 41 153.558 0 3 1.02174
45 41 153.513 0 3 1.02174
46 41 153.711 0 3 1.02174
47 41 153.648 0 3 1.02174
48 41 153.937 0 3 1.02174
49 41 154.16 0 3 1.02174
14 4 1587.86 0 3 1.52853
4 41 153.094 0 3 1.02004
50 41 154.377 0 3 1.02174
15 4 1927.66 0 3 1.7155
5 41 153.109 0 3 1.02007
16 4 2826.63 0 3 1.88051
6 41 153.13 0 3 1.02011
17 4 4737.35 0 3 1.91908
7 41 153.159 0 3 1.02018
18 4 5497.41 0 3 1.80335
8 41 153.196 0 3 1.02027
19 4 5477.2 0 3 1.62813
9 41 153.244 0 3 1.0204
1 4 155.171 0 3 1.02399
20 4 9011.49 0 3 1.46459
0 42 153.066 0 3 1.01998
10 42 153.269 0 3 1.0205
11 42 153.318 0 3 1.0207
12 42 153.348 0 3 1.02098
13 42 153.325 0 3 1.02131
14 42 153.192 0 3 1.0217
15 42 152.897 0 3 1.02209
16 42 152.462 0 3 1.02238
17 42 152.127 0 3 1.02248
18 42 152.446 0 3 1.0223
19 42 153.934 0 3 1.02192
21 4 13811 0 3 1.37401
1 42 153.07 0 3 1.01999
20 42 155.979 0 3 1.02155
21 42 156.372 0 3 1.02134
22 42 153.225 0 3 1.02127
23 42 149.476 0 3 1.02137
24 42 153.482 0 3 1.02151
25 42 155.674 0 3 1.02156
26 42 154.211 0 3 1.02155
27 42 150.648 0 3 1.0215
28 42 156.479 0 3 1.02147
29 42 153.298 0 3 1.02154
22 4 14384.1 0 3 1.3439
2 42 153.074 0 3 1.01999
30 42 152.143 0 3 1.02148
31 42 154.753 0 3 1.02153
32 42 154.064 0 3 1.02149
33 42 152.818 0 3 1.0215
34 42 153.046 0 3 1.0215
35 42 153.189 0 3 1.02151
36 42 153.53 0 3 1.02151
37 42 153.74 0 3 1.02151
38 42 153.843 0 3 1.02151
39 42 153.067 0 3 1.02151
23 4 17188.2 0 3 1.38391
3 42 153.081 0 3 1.02001
40 42 153.629 0 3 1.02151
41 42 153.301 0 3 1.02151
42 42 153.256 0 3 1.02151
43 42 153.469 0 3 1.0215
44 42 153.507 0 3 1.02151
45 42 153.474 0 3 1.02151
46 42 153.656 0 3 1.02151
47 42 153.614 0 3 1.02151
48 42 153.886 0 3 1.02151
49 42 154.107 0 3 1.02151
24 4 18527.2 0 3 1.43754
4 42 153.09 0 3 1.02003
50 42 154.336 0 3 1.02151
25 4 20303.3 0 3 1.45267
5 42 153.103 0 3 1.02006
26 4 14371.6 0 3 1.45146
6 42 153.121 0 3 1.02009
27 4 12123.2 0 3 1.43064
7 42 153.146 0 3 1.02015
28 4 12415.9 0 3 1.42328
8 42 153.179 0 3 1.02023
29 4 8025.67 0 3 1.44648
9 42 153.22 0 3 1.02034
2 4 156.185 0 3 1.02578
30 4 5585.48 0 3 1.42584
0 43 153.066 0 3 1.01998
10 43 153.242 0 3 1.02043
11 43 153.284 0 3 1.02061
12 43 153.31 0 3 1.02084
13 43 153.29 0 3 1.02114
14 43 153.174 0 3 1.02147
15 43 152.917 0 3 1.02181
16 43 152.538 0 3 1.02207
17 43 152.246 0 3 1.02215
18 43 152.523 0 3 1.022
19 43 153.817 0 3 1.02166
31 4 4614.12 0 3 1.44179
1 43 153.068 0 3 1.01998
20 43 155.594 0 3 1.02134
21 43 155.932 0 3 1.02116
22 43 153.191 0 3 1.0211
23 43 149.923 0 3 1.02119
24 43 153.411 0 3 1.02131
25 43 155.318 0 3 1.02135
26 43 154.049 0 3 1.02134
27 43 150.948 0 3 1.0213
28 43 156.026 0 3 1.02128
29 43 153.26 0 3 1.02133
32 4 2551 0 3 1.42747
2 43 153.072 0 3 1.01999
30 43 152.256 0 3 1.02129
31 43 154.53 0 3 1.02132
32 43 153.932 0 3 1.02129
33 43 152.848 0 3 1.0213
34 43 153.047 0 3 1.02131
35 43 153.172 0 3 1.02131
36 43 153.47 0 3 1.02131
37 43 153.652 0 3 1.02131
38 43 153.743 0 3 1.02131
39 43 153.068 0 3 1.02131
33 4 1847.82 0 3 1.43017
3 43 153.078 0 3 1.02
40 43 153.558 0 3 1.02131
41 43 153.275 0 3 1.02131
42 43 153.238 0 3 1.02131
43 43 153.426 0 3 1.02131
44 43 153.464 0 3 1.02131
45 43 153.441 0 3 1.02131
46 43 153.609 0 3 1.02131
47 43 153.585 0 3 1.02131
48 43 153.841 0 3 1.02131
49 43 154.061 0 3 1.02131
34 4 1088.7 0 3 1.43155
4 43 153.086 0 3 1.02002
50 43 154.3 0 3 1.02131
35 4 916.071 0 3 1.43345
5 43 153.097 0 3 1.02004
36 4 642.27 0 3 1.43179
6 43 153.113 0 3 1.02008
37 4 694.271 0 3 1.43348
7 43 153.135 0 3 1.02013
38 4 641.204 0 3 1.43217
8 43 153.163 0 3 1.0202
39 4 302.105 0 3 1.43366
9 43 153.2 0 3 1.02029
3 4 157.731 0 3 1.02838
40 4 420.018 0 3 1.43182
0 44 153.065 0 3 1.01998
10 44 153.218 0 3 1.02037
11 44 153.255 0 3 1.02053
12 44 153.278 0 3 1.02073
13 44 153.259 0 3 1.02099
14 44 153.159 0 3 1.02128
15 44 152.935 0 3 1.02157
16 44 152.604 0 3 1.0218
17 44 152.35 0 3 1.02187
18 44 152.59 0 3 1.02173
19 44 153.716 0 3 1.02144
41 4 318.928 0 3 1.4332
1 44 153.067 0 3 1.01998
20 44 155.261 0 3 1.02117
21 44 155.552 0 3 1.021
22 44 153.165 0 3 1.02095
23 44 150.317 0 3 1.02103
24 44 153.353 0 3 1.02113
25 44 155.013 0 3 1.02117
26 44 153.911 0 3 1.02116
27 44 151.212 0 3 1.02113
28 44 155.635 0 3 1.02111
29 44 153.228 0 3 1.02116
42 4 236.101 0 3 1.43247
2 44 153.071 0 3 1.01999
30 44 152.355 0 3 1.02112
31 44 154.337 0 3 1.02115
32 44 153.818 0 3 1.02112
33 44 152.874 0 3 1.02113
34 44 153.048 0 3 1.02113
35 44 153.157 0 3 1.02114
36 44 153.417 0 3 1.02113
37 44 153.577 0 3 1.02114
38 44 153.656 0 3 1.02113
39 44 153.069 0 3 1.02114
43 4 266.423 0 3 1.43124
3 44 153.076 0 3 1.02
40 44 153.497 0 3 1.02113
41 44 153.252 0 3 1.02114
42 44 153.221 0 3 1.02114
43 44 153.388 0 3 1.02113
44 44 153.426 0 3 1.02113
45 44 153.412 0 3 1.02114
46 44 153.567 0 3 1.02113
47 44 153.56 0 3 1.02114
48 44 153.802 0 3 1.02113
49 44 154.021 0 3 1.02113
44 4 266.305 0 3 1.4318
4 44 153.083 0 3 1.02001
50 44 154.269 0 3 1.02113
45 4 239.186 0 3 1.43257
5 44 153.092 0 3 1.02003
46 4 273.445 0 3 1.43199
6 44 153.106 0 3 1.02006
47 4 218.06 0 3 1.43246
7 44 153.125 0 3 1.02011
48 4 260.037 0 3 1.4319
8 44 153.15 0 3 1.02017
49 4 264.589 0 3 1.43215
9 44 153.181 0 3 1.02025
4 4 160.135 0 3 1.03214
50 4 231.664 0 3 1.4323
0 45 153.064 0 3 1.01997
10 45 153.198 0 3 1.02032
11 45 153.229 0 3 1.02045
12 45 153.249 0 3 1.02063
13 45 153.233 0 3 1.02085
14 45 153.146 0 3 1.02111
15 45 152.951 0 3 1.02136
16 45 152.663 0 3 1.02156
17 45 152.44 0 3 1.02162
18 45 152.649 0 3 1.0215
19 45 153.628 0 3 1.02125
1 45 153.066 0 3 1.01998
20 45 154.973 0 3 1.02101
21 45 155.223 0 3 1.02087
22 45 153.144 0 3 1.02083
23 45 150.662 0 3 1.02089
24 45 153.306 0 3 1.02098
25 45 154.751 0 3 1.02102
26 45 153.793 0 3 1.02101
27 45 151.444 0 3 1.02098
28 45 155.296 0 3 1.02096
29 45 153.201 0 3 1.021
2 45 153.069 0 3 1.01998
30 45 152.443 0 3 1.02097
31 45 154.17 0 3 1.021
32 45 153.719 0 3 1.02097
33 45 152.897 0 3 1.02098
34 45 153.05 0 3 1.02098
35 45 153.145 0 3 1.02099
36 45 153.371 0 3 1.02098
37 45 153.511 0 3 1.02099
38 45 153.58 0 3 1.02098
39 45 153.07 0 3 1.02099
3 45 153.073 0 3 1.01999
40 45 153.444 0 3 1.02098
41 45 153.231 0 3 1.02099
42 45 153.207 0 3 1.02098
43 45 153.355 0 3 1.02098
44 45 153.392 0 3 1.02098
45 45 153.387 0 3 1.02098
46 45 153.531 0 3 1.02098
47 45 153.538 0 3 1.02098
48 45 153.768 0 3 1.02098
49 45 153.986 0 3 1.02098
4 45 153.08 0 3 1.02001
50 45 154.242 0 3 1.02098
5 45 153.088 0 3 1.02002
6 45 153.1 0 3 1.02005
7 45 153.116 0 3 1.02009
8 45 153.138 0 3 1.02014
9 45 153.166 0 3 1.02021
5 4 163.969 0 3 1.03759
0 46 153.063 0 3 1.01997
10 46 153.18 0 3 1.02027
11 46 153.207 0 3 1.02039
12 46 153.224 0 3 1.02055
13 46 153.21 0 3 1.02074
14 46 153.134 0 3 1.02096
15 46 152.964 0 3 1.02118
16 46 152.713 0 3 1.02136
17 46 152.52 0 3 1.02141
18 46 152.701 0 3 1.02131
19 46 153.553 0 3 1.02109
1 46 153.065 0 3 1.01998
20 46 154.722 0 3 1.02088
21 46 154.939 0 3 1.02075
22 46 153.128 0 3 1.02071
23 46 150.965 0 3 1.02077
24 46 153.267 0 3 1.02085
25 46 154.524 0 3 1.02088
26 46 153.692 0 3 1.02087
27 46 151.647 0 3 1.02085
28 46 155.003 0 3 1.02083
29 46 153.18 0 3 1.02087
2 46 153.068 0 3 1.01998
30 46 152.52 0 3 1.02084
31 46 154.025 0 3 1.02086
32 46 153.633 0 3 1.02084
33 46 152.918 0 3 1.02085
34 46 153.051 0 3 1.02085
35 46 153.134 0 3 1.02085
36 46 153.332 0 3 1.02085
37 46 153.453 0 3 1.02085
38 46 153.515 0 3 1.02085
39 46 153.071 0 3 1.02085
3 46 153.072 0 3 1.01999
40 46 153.397 0 3 1.02085
41 46 153.214 0 3 1.02085
42 46 153.195 0 3 1.02085
43 46 153.327 0 3 1.02085
44 46 153.363 0 3 1.02085
45 46 153.365 0 3 1.02085
46 46 153.5 0 3 1.02085
47 46 153.519 0 3 1.02085
48 46 153.738 0 3 1.02085
49 46 153.956 0 3 1.02085
4 46 153.077 0 3 1.02
50 46 154.219 0 3 1.02085
5 46 153.084 0 3 1.02002
6 46 153.095 0 3 1.02004
7 46 153.109 0 3 1.02007
8 46 153.128 0 3 1.02012
9 46 153.152 0 3 1.02018
6 4 170.278 0 3 1.04551
0 47 153.063 0 3 1.01997
10 47 153.164 0 3 1.02023
11 47 153.188 0 3 1.02033
12 47 153.203 0 3 1.02047
13 47 153.191 0 3 1.02064
14 47 153.124 0 3 1.02083
15 47 152.976 0 3 1.02103
16 47 152.758 0 3 1.02118
17 47 152.589 0 3 1.02122
18 47 152.747 0 3 1.02113
19 47 153.488 0 3 1.02094
1 47 153.064 0 3 1.01997
20 47 154.505 0 3 1.02076
21 47 154.692 0 3 1.02065
22 47 153.115 0 3 1.02062
23 47 151.23 0 3 1.02067
24 47 153.235 0 3 1.02074
25 47 154.329 0 3 1.02076
26 47 153.606 0 3 1.02076
27 47 151.826 0 3 1.02074
28 47 154.748 0 3 1.02072
29 47 153.162 0 3 1.02075
2 47 153.067 0 3 1.01998
30 47 152.588 0 3 1.02073
31 47 153.899 0 3 1.02075
32 47 153.558 0 3 1.02073
33 47 152.936 0 3 1.02073
34 47 153.052 0 3 1.02074
35 47 153.125 0 3 1.02074
36 47 153.297 0 3 1.02074
37 47 153.403 0 3 1.02074
38 47 153.457 0 3 1.02074
39 47 153.071 0 3 1.02074
3 47 153.07 0 3 1.01999
40 47 153.357 0 3 1.02074
41 47 153.198 0 3 1.02074
42 47 153.184 0 3 1.02074
43 47 153.302 0 3 1.02074
44 47 153.338 0 3 1.02074
45 47 153.346 0 3 1.02074
46 47 153.473 0 3 1.02074
47 47 153.503 0 3 1.02074
48 47 153.712 0 3 1.02074
49 47 153.929 0 3 1.02074
4 47 153.075 0 3 1.02
50 47 154.198 0 3 1.02074
5 47 153.081 0 3 1.02001
6 47 153.09 0 3 1.02003
7 47 153.103 0 3 1.02006
8 47 153.119 0 3 1.0201
9 47 153.14 0 3 1.02015
7 4 181.041 0 3 1.05701
0 48 153.062 0 3 1.01997
10 48 153.15 0 3 1.0202
11 48 153.171 0 3 1.02029
12 48 153.184 0 3 1.02041
13 48 153.173 0 3 1.02055
14 48 153.115 0 3 1.02072
15 48 152.987 0 3 1.02089
16 48 152.796 0 3 1.02102
17 48 152.649 0 3 1.02106
18 48 152.786 0 3 1.02098
19 48 153.432 0 3 1.02082
1 48 153.064 0 3 1.01997
20 48 154.317 0 3 1.02066
21 48 154.478 0 3 1.02056
22 48 153.105 0 3 1.02053
23 48 151.462 0 3 1.02058
24 48 153.208 0 3 1.02064
25 48 154.161 0 3 1.02066
26 48 153.532 0 3 1.02065
27 48 151.982 0 3 1.02064
28 48 154.527 0 3 1.02062
29 48 153.146 0 3 1.02065
2 48 153.066 0 3 1.01998
30 48 152.648 0 3 1.02063
31 48 153.79 0 3 1.02065
32 48 153.493 0 3 1.02063
33 48 152.952 0 3 1.02063
34 48 153.053 0 3 1.02064
35 48 153.116 0 3 1.02064
36 48 153.267 0 3 1.02064
37 48 153.36 0 3 1.02064
38 48 153.407 0 3 1.02064
39 48 153.072 0 3 1.02064
3 48 153.069 0 3 1.01998
40 48 153.322 0 3 1.02064
41 48 153.185 0 3 1.02064
42 48 153.175 0 3 1.02064
43 48 153.281 0 3 1.02064
44 48 153.316 0 3 1.02064
45 48 153.33 0 3 1.02064
46 48 153.449 0 3 1.02064
47 48 153.488 0 3 1.02064
48 48 153.69 0 3 1.02064
49 48 153.906 0 3 1.02064
4 48 153.073 0 3 1.01999
50 48 154.18 0 3 1.02064
5 48 153.078 0 3 1.02
6 48 153.086 0 3 1.02002
7 48 153.097 0 3 1.02005
8 48 153.111 0 3 1.02008
9 48 153.129 0 3 1.02013
8 4 200.152 0 3 1.07376
0 49 153.062 0 3 1.01997
10 49 153.139 0 3 1.02017
11 49 153.157 0 3 1.02025
12 49 153.168 0 3 1.02035
13 49 153.159 0 3 1.02048
14 49 153.108 0 3 1.02062
15 49 152.996 0 3 1.02077
16 49 152.83 0 3 1.02088
17 49 152.702 0 3 1.02092
18 49 152.821 0 3 1.02085
19 49 153.383 0 3 1.02071
1 49 153.063 0 3 1.01997
20 49 154.153 0 3 1.02057
21 49 154.293 0 3 1.02049
22 49 153.097 0 3 1.02046
23 49 151.665 0 3 1.0205
24 49 153.186 0 3 1.02055
25 49 154.015 0 3 1.02057
26 49 153.468 0 3 1.02057
27 49 152.119 0 3 1.02055
28 49 154.336 0 3 1.02054
29 49 153.134 0 3 1.02056
2 49 153.065 0 3 1.01998
30 49 152.7 0 3 1.02054
31 49 153.695 0 3 1.02056
32 49 153.437 0 3 1.02054
33 49 152.965 0 3 1.02055
34 49 153.054 0 3 1.02055
35 49 153.109 0 3 1.02055
36 49 153.241 0 3 1.02055
37 49 153.322 0 3 1.02055
38 49 153.364 0 3 1.02055
39 49 153.073 0 3 1.02055
3 49 153.067 0 3 1.01998
40 49 153.291 0 3 1.02055
41 49 153.174 0 3 1.02055
42 49 153.167 0 3 1.02055
43 49 153.262 0 3 1.02055
44 49 153.297 0 3 1.02055
45 49 153.315 0 3 1.02055
46 49 153.428 0 3 1.02055
47 49 153.475 0 3 1.02055
48 49 153.67 0 3 1.02055
49 49 153.886 0 3 1.02055
4 49 153.071 0 3 1.01999
50 49 154.164 0 3 1.02055
5 49 153.076 0 3 1.02
6 49 153.083 0 3 1.02001
7 49 153.092 0 3 1.02004
8 49 153.105 0 3 1.02007
9 49 153.12 0 3 1.02011
9 4 235.501 0 3 1.09823
0 50 153.062 0 3 1.01997
10 50 153.128 0 3 1.02014
11 50 153.144 0 3 1.02021
12 50 153.154 0 3 1.0203
13 50 153.146 0 3 1.02041
14 50 153.102 0 3 1.02054
15 50 153.004 0 3 1.02067
16 50 152.86 0 3 1.02076
17 50 152.748 0 3 1.0208
18 50 152.851 0 3 1.02074
19 50 153.34 0 3 1.02061
1 50 153.063 0 3 1.01997
20 50 154.011 0 3 1.02049
21 50 154.132 0 3 1.02042
22 50 153.09 0 3 1.0204
23 50 151.843 0 3 1.02043
24 50 153.167 0 3 1.02047
25 50 153.889 0 3 1.02049
26 50 153.414 0 3 1.02049
27 50 152.239 0 3 1.02047
28 50 154.17 0 3 1.02046
29 50 153.123 0 3 1.02048
2 50 153.064 0 3 1.01997
30 50 152.746 0 3 1.02047
31 50 153.612 0 3 1.02048
32 50 153.388 0 3 1.02047
33 50 152.978 0 3 1.02047
34 50 153.055 0 3 1.02047
35 50 153.103 0 3 1.02048
36 50 153.218 0 3 1.02047
37 50 153.289 0 3 1.02048
38 50 153.326 0 3 1.02047
39 50 153.073 0 3 1.02048
3 50 153.066 0 3 1.01998
40 50 153.264 0 3 1.02047
41 50 153.163 0 3 1.02048
42 50 153.16 0 3 1.02048
43 50 153.245 0 3 1.02047
44 50 153.281 0 3 1.02047
45 50 153.303 0 3 1.02048
46 50 153.41 0 3 1.02047
47 50 153.465 0 3 1.02048
48 50 153.653 0 3 1.02047
49 50 153.869 0 3 1.02047
4 50 153.069 0 3 1.01999
50 50 154.151 0 3 1.02047
5 50 153.074 0 3 1.01999
6 50 153.08 0 3 1.02001
7 50 153.088 0 3 1.02003
8 50 153.099 0 3 1.02005
9 50 153.112 0 3 1.02009
0 5 154.304 0 3 1.02239
10 5 265.405 0 3 1.11774
11 5 354.497 0 3 1.16176
12 5 511.573 0 3 1.22512
13 5 746.293 0 3 1.31439
14 5 972.412 0 3 1.43355
15 5 1097.06 0 3 1.57335
16 5 1490.05 0 3 1.69299
17 5 2442.4 0 3 1.72301
18 5 2981.71 0 3 1.64118
19 5 3333.79 0 3 1.50785
1 5 154.883 0 3 1.02347
20 5 5720.45 0 3 1.38489
21 5 8751 0 3 1.31507
22 5 8885.01 0 3 1.29136
23 5 10411.6 0 3 1.32248
24 5 11416.1 0 3 1.36468
25 5 12689 0 3 1.37698
26 5 9130.11 0 3 1.37568
27 5 7465.95 0 3 1.36005
28 5 7995.28 0 3 1.35364
29 5 5150.72 0 3 1.37194
2 5 155.749 0 3 1.02503
30 5 3521.76 0 3 1.35592
31 5 3087.35 0 3 1.36843
32 5 1737.1 0 3 1.35731
33 5 1210.64 0 3 1.3595
34 5 745.35 0 3 1.36063
35 5 641.104 0 3 1.36217
36 5 494.22 0 3 1.36088
37 5 535.901 0 3 1.36221
38 5 508.275 0 3 1.36118
39 5 245.752 0 3 1.36235
3 5 157.059 0 3 1.02728
40 5 353.039 0 3 1.36091
41 5 269.475 0 3 1.362
42 5 212.948 0 3 1.36142
43 5 242.917 0 3 1.36045
44 5 242.947 0 3 1.36089
45 5 221.181 0 3 1.3615
46 5 249.302 0 3 1.36105
47 5 205.862 0 3 1.36141
48 5 239.631 0 3 1.36097
49 5 243.091 0 3 1.36117
4 5 159.075 0 3 1.03055
50 5 217.718 0 3 1.36129
5 5 162.247 0 3 1.03528
6 5 167.375 0 3 1.04213
7 5 175.929 0 3 1.05206
8 5 190.699 0 3 1.06646
9 5 217.07 0 3 1.08737
0 6 154.137 0 3 1.02207
10 6 238.554 0 3 1.10395
11 6 300.053 0 3 1.14101
12 6 401.277 0 3 1.19357
13 6 539.339 0 3 1.26616
14 6 654.784 0 3 1.36062
15 6 695.396 0 3 1.4683
16 6 872.637 0 3 1.55847
17 6 1383.03 0 3 1.58226
18 6 1764.69 0 3 1.52178
19 6 2181 0 3 1.41799
1 6 154.636 0 3 1.02301
20 6 3837.02 0 3 1.3226
21 6 5824.83 0 3 1.26764
22 6 5741.39 0 3 1.2488
23 6 6572.16 0 3 1.27345
24 6 7376.46 0 3 1.30717
25 6 8316.86 0 3 1.31733
26 6 6045.45 0 3 1.31603
27 6 4780.37 0 3 1.30397
28 6 5379.52 0 3 1.29845
29 6 3437.4 0 3 1.31315
2 6 155.378 0 3 1.02437
30 6 2310.4 0 3 1.30045
31 6 2152.72 0 3 1.31045
32 6 1236.62 0 3 1.30163
33 6 834.191 0 3 1.30343
34 6 540.317 0 3 1.30436
35 6 476.618 0 3 1.30563
36 6 398.506 0 3 1.30461
37 6 433.069 0 3 1.30567
38 6 419.414 0 3 1.30485
39 6 212.559 0 3 1.30579
3 6 156.491 0 3 1.02633
40 6 307.034 0 3 1.30463
41 6 237.743 0 3 1.3055
42 6 197.858 0 3 1.30504
43 6 225.583 0 3 1.30427
44 6 225.72 0 3 1.30462
45 6 208.024 0 3 1.30511
46 6 231.248 0 3 1.30474
47 6 196.591 0 3 1.30504
48 6 224.081 0 3 1.30468
49 6 226.788 0 3 1.30484
4 6 158.19 0 3 1.02917
50 6 206.841 0 3 1.30494
5 6 160.828 0 3 1.03327
6 6 165.026 0 3 1.03921
7 6 171.886 0 3 1.04779
8 6 183.433 0 3 1.06019
9 6 203.402 0 3 1.07811
0 7 153.994 0 3 1.0218
10 7 219.115 0 3 1.09224
11 7 262.577 0 3 1.1236
12 7 329.982 0 3 1.16753
13 7 414.833 0 3 1.22722
14 7 475.921 0 3 1.3033
15 7 481.174 0 3 1.38814
16 7 558.147 0 3 1.45805
17 7 844.663 0 3 1.47718
18 7 1117.73 0 3 1.43102
19 7 1505.2 0 3 1.3487
1 7 154.424 0 3 1.02262
20 7 2685.49 0 3 1.27299
21 7 4027.95 0 3 1.22901
22 7 3843.92 0 3 1.2139
23 7 4277.4 0 3 1.23373
24 7 4940.96 0 3 1.26102
25 7 5652.23 0 3 1.2695
26 7 4135.08 0 3 1.26825
27 7 3154.05 0 3 1.25875
28 7 3749.24 0 3 1.254
29 7 2368.85 0 3 1.266
2 7 155.06 0 3 1.0238
30 7 1567.27 0 3 1.25575
31 7 1554.87 0 3 1.26386
32 7 915.437 0 3 1.25677
33 7 601.996 0 3 1.25826
34 7 412.609 0 3 1.25903
35 7 373.687 0 3 1.26008
36 7 334.266 0 3 1.25926
37 7 363.445 0 3 1.26012
38 7 357.655 0 3 1.25946
39 7 192.201 0 3 1.26021
3 7 156.01 0 3 1.02551
40 7 274.192 0 3 1.25928
41 7 216.465 0 3 1.25999
42 7 187.542 0 3 1.25961
43 7 212.41 0 3 1.25899
44 7 212.615 0 3 1.25927
45 7 198.076 0 3 1.25967
46 7 217.376 0 3 1.25937
47 7 189.347 0 3 1.25961
48 7 211.952 0 3 1.25932
49 7 214.12 0 3 1.25945
4 7 157.446 0 3 1.02797
50 7 198.19 0 3 1.25953
5 7 159.652 0 3 1.03153
6 7 163.11 0 3 1.03668
7 7 168.659 0 3 1.0441
8 7 177.781 0 3 1.0548
9 7 193.104 0 3 1.07019
0 8 153.87 0 3 1.02156
10 8 204.779 0 3 1.08227
11 8 236.113 0 3 1.10891
12 8 282.202 0 3 1.14586
13 8 336.086 0 3 1.19537
14 8 368.672 0 3 1.25746
15 8 358.818 0 3 1.32547
16 8 386.775 0 3 1.38084
17 8 552.155 0 3 1.39641
18 8 750.339 0 3 1.36031
19 8 1084.74 0 3 1.29402
1 8 154.241 0 3 1.02227
20 8 1946.27 0 3 1.2329
21 8 2874 0 3 1.19723
22 8 2650.71 0 3 1.185
23 8 2851.41 0 3 1.20116
24 8 3407.02 0 3 1.22348
25 8 3955.39 0 3 1.23062
26 8 2905.97 0 3 1.22945
27 8 2133.02 0 3 1.22185
28 8 2691.84 0 3 1.21776
29 8 1678.99 0 3 1.22766
2 8 154.788 0 3 1.0233
30 8 1095.94 0 3 1.21929
31 8 1158.95 0 3 1.22594
32 8 702.137 0 3 1.22016
33 8 454.045 0 3 1.2214
34 8 330.427 0 3 1.22205
35 8 306.975 0 3 1.22292
36 8 289.778 0 3 1.22225
37 8 314.657 0 3 1.22296
38 8 313.33 0 3 1.22242
39 8 179.309 0 3 1.22304
3 8 155.6 0 3 1.02479
40 8 250.002 0 3 1.22227
41 8 201.667 0 3 1.22285
42 8 180.208 0 3 1.22255
43 8 202.16 0 3 1.22203
44 8 202.403 0 3 1.22227
45 8 190.354 0 3 1.22259
46 8 206.489 0 3 1.22235
47 8 183.565 0 3 1.22255
48 8 202.314 0 3 1.22231
49 8 204.086 0 3 1.22241
4 8 156.818 0 3 1.02693
50 8 191.204 0 3 1.22248
5 8 158.671 0 3 1.03002
6 8 161.538 0 3 1.03449
7 8 166.06 0 3 1.04091
8 8 173.335 0 3 1.05015
9 8 185.235 0 3 1.0634
0 9 153.763 0 3 1.02136
10 9 194.032 0 3 1.07375
11 9 217.016 0 3 1.09646
12 9 249.227 0 3 1.12769
13 9 284.301 0 3 1.16908
14 9 301.26 0 3 1.22027
15 9 285.362 0 3 1.27555
16 9 288.843 0 3 1.32013
17 9 385.487 0 3 1.33293
18 9 531.435 0 3 1.30418
19 9 811.526 0 3 1.25013
1 9 154.084 0 3 1.02198
20 9 1453.54 0 3 1.20012
21 9 2106.69 0 3 1.17087
22 9 1876.04 0 3 1.16089
23 9 1939.13 0 3 1.1742
24 9 2408.19 0 3 1.19261
25 9 2837.8 0 3 1.19865
26 9 2091.39 0 3 1.19758
27 9 1474.29 0 3 1.19142
28 9 1983.93 0 3 1.1879
29 9 1221.39 0 3 1.19614
2 9 154.554 0 3 1.02287
30 9 789.219 0 3 1.18923
31 9 889.238 0 3 1.19474
32 9 556.447 0 3 1.18998
33 9 357.367 0 3 1.19103
34 9 276.155 0 3 1.19157
35 9 262.5 0 3 1.1923
36 9 258.139 0 3 1.19175
37 9 279.473 0 3 1.19234
38 9 280.65 0 3 1.19189
39 9 170.933 0 3 1.1924
3 9 155.25 0 3 1.02416
40 9 231.72 0 3 1.19177
41 9 191.055 0 3 1.19225
42 9 174.822 0 3 1.192
43 9 194.032 0 3 1.19157
44 9 194.292 0 3 1.19176
45 9 184.235 0 3 1.19204
46 9 197.798 0 3 1.19183
47 9 178.876 0 3 1.192
48 9 194.541 0 3 1.1918
49 9 196.014 0 3 1.19189
4 9 156.287 0 3 1.02603
50 9 185.493 0 3 1.19194
5 9 157.85 0 3 1.02871
6 9 160.239 0 3 1.03259
7 9 163.949 0 3 1.03816
8 9 169.803 0 3 1.04614
9 9 179.145 0 3 1.05756
