0 0 2008.92 0 3 1.37613
10 0 2.39893e+06 0 3 5.26852
11 0 3.24026e+06 0 3 5.74112
12 0 4.39838e+06 0 3 5.53464
13 0 5.47952e+06 0 3 4.75536
14 0 6.45782e+06 0 3 3.89604
15 0 6.43535e+06 0 3 4.61637
16 0 6.12256e+06 0 3 3.75972
17 0 5.36867e+06 0 3 3.08529
18 0 4.0126e+06 0 3 2.60554
19 0 2.87072e+06 0 3 2.28052
1 0 3382.16 0 3 1.46215
20 0 1.70492e+06 0 3 2.06532
21 0 2.34602e+06 0 3 1.90454
22 0 367047 0 3 1.74939
23 0 341154 0 3 1.71951
24 0 401455 0 3 1.77103
25 0 492554 0 3 1.86582
26 0 590106 0 3 1.94833
27 0 668593 0 3 2.01206
28 0 718757 0 3 2.12533
29 0 744527 0 3 2.21826
2 0 6198.34 0 3 1.57369
30 0 669611 0 3 2.26448
31 0 459247 0 3 2.24875
32 0 404100 0 3 2.20507
33 0 340162 0 3 2.13593
34 0 261521 0 3 2.05108
35 0 231360 0 3 2.06112
36 0 233946 0 3 2.06406
37 0 154191 0 3 2.12464
38 0 130836 0 3 2.17702
39 0 128640 0 3 2.12669
3 0 12578.2 0 3 1.72045
40 0 91995.1 0 3 2.0609
41 0 66382 0 3 2.04118
42 0 52929.7 0 3 2.12717
43 0 50242.7 0 3 2.12289
44 0 33284.9 0 3 2.03272
45 0 29036.6 0 3 2.06378
46 0 23718.8 0 3 2.09052
47 0 12827.4 0 3 2.01798
48 0 9426.01 0 3 2.08675
49 0 7613.18 0 3 2.01634
4 0 28889.1 0 3 1.91641
50 0 5770.99 0 3 2.07087
5 0 76396.7 0 3 2.18123
6 0 219412 0 3 2.54122
7 0 501454 0 3 3.02757
8 0 952713 0 3 3.67027
9 0 1.63111e+06 0 3 4.46228
0 10 242.321 0 3 1.11088
10 10 276.04 0 3 1.36922
11 10 310.609 0 3 1.38531
12 10 382.014 0 3 1.39077
13 10 476.438 0 3 1.3847
14 10 569.884 0 3 1.3681
15 10 651.187 0 3 1.3433
16 10 760.611 0 3 1.31297
17 10 993.352 0 3 1.28017
18 10 1389.62 0 3 1.2495
19 10 1782.19 0 3 1.22594
1 10 262.205 0 3 1.12746
20 10 2057.82 0 3 1.21102
21 10 2453.8 0 3 1.20114
22 10 2692.43 0 3 1.1926
23 10 2497.52 0 3 1.18678
24 10 2522.96 0 3 1.18751
25 10 2870.53 0 3 1.19557
26 10 2939.82 0 3 1.20622
27 10 3248 0 3 1.21394
28 10 3660.24 0 3 1.21791
29 10 4108.98 0 3 1.21871
2 10 284.26 0 3 1.14666
30 10 3866.22 0 3 1.22109
31 10 3191.81 0 3 1.2295
32 10 3002.36 0 3 1.2339
33 10 2641.31 0 3 1.22878
34 10 2155.4 0 3 1.22208
35 10 2872.77 0 3 1.21587
36 10 2954.92 0 3 1.20913
37 10 1577.76 0 3 1.21644
38 10 1368.11 0 3 1.23062
39 10 2089.11 0 3 1.22973
3 10 306.809 0 3 1.1687
40 10 1476.04 0 3 1.21845
41 10 915.36 0 3 1.21075
42 10 1056.98 0 3 1.22611
43 10 1011.02 0 3 1.22832
44 10 621.779 0 3 1.21457
45 10 790.657 0 3 1.22031
46 10 503.452 0 3 1.22471
47 10 397.794 0 3 1.21588
48 10 344.145 0 3 1.22595
49 10 254.03 0 3 1.21672
4 10 326.687 0 3 1.1937
50 10 266.898 0 3 1.22375
5 10 339.202 0 3 1.22155
6 10 339.261 0 3 1.25184
7 10 324.403 0 3 1.28365
8 10 299.095 0 3 1.31543
9 10 276.843 0 3 1.34491
0 1 1336.64 0 3 1.32509
10 1 88182 0 3 3.57992
0 11 225.383 0 3 1.10026
10 11 225.65 0 3 1.32108
11 11 242.994 0 3 1.33472
12 11 287.85 0 3 1.33953
13 11 352.133 0 3 1.33466
14 11 421.536 0 3 1.32078
15 11 491.467 0 3 1.29974
16 11 592.222 0 3 1.27391
17 11 789.174 0 3 1.24614
18 11 1103.35 0 3 1.2203
19 11 1409.21 0 3 1.20041
11 1 115010 0 3 3.78779
1 11 240.537 0 3 1.11476
20 11 1627.78 0 3 1.18767
21 11 1919.4 0 3 1.1792
22 11 2078.44 0 3 1.17194
23 11 1906.64 0 3 1.16696
24 11 1899.11 0 3 1.16746
25 11 2126.91 0 3 1.17425
26 11 2153.96 0 3 1.1834
27 11 2410.54 0 3 1.19005
28 11 2782.49 0 3 1.19331
29 11 3151.98 0 3 1.19392
12 1 149974 0 3 3.7382
2 11 256.939 0 3 1.13148
30 11 2959.07 0 3 1.19609
31 11 2452.84 0 3 1.20336
32 11 2294.33 0 3 1.20707
33 11 1969.25 0 3 1.20272
34 11 1595.59 0 3 1.19701
35 11 2230.53 0 3 1.19155
36 11 2310.03 0 3 1.1856
37 11 1188.69 0 3 1.192
38 11 1019.78 0 3 1.20418
39 11 1656.24 0 3 1.20351
13 1 182959 0 3 3.45575
3 11 273.18 0 3 1.1506
40 11 1147.7 0 3 1.19378
41 11 702.746 0 3 1.18704
42 11 842.464 0 3 1.20034
43 11 811.375 0 3 1.20226
44 11 491.372 0 3 1.19043
45 11 647.667 0 3 1.19541
46 11 413.813 0 3 1.1992
47 11 336.874 0 3 1.19161
48 11 297.984 0 3 1.2003
49 11 222.118 0 3 1.19235
14 1 192139 0 3 3.1058
4 11 286.79 0 3 1.17216
50 11 237.302 0 3 1.19841
15 1 166826 0 3 3.25778
5 11 294.262 0 3 1.19606
16 1 127001 0 3 2.93311
6 11 291.895 0 3 1.22191
17 1 100947 0 3 2.49966
7 11 277.881 0 3 1.24892
18 1 88761 0 3 2.137
8 11 255.232 0 3 1.27578
19 1 93229.6 0 3 1.90088
9 11 233.371 0 3 1.30061
1 1 2040.26 0 3 1.39493
20 1 94353 0 3 1.77793
0 12 212.091 0 3 1.09095
10 12 193.541 0 3 1.28086
11 12 200.328 0 3 1.2925
12 12 228.027 0 3 1.29673
13 12 272.2 0 3 1.29277
14 12 324.538 0 3 1.28106
15 12 384.204 0 3 1.26309
16 12 474.515 0 3 1.24096
17 12 641.017 0 3 1.21727
18 12 893.003 0 3 1.19533
19 12 1134.66 0 3 1.17841
21 1 107637 0 3 1.69543
1 12 223.793 0 3 1.10366
20 12 1309.21 0 3 1.16746
21 12 1525.89 0 3 1.16015
22 12 1630.74 0 3 1.15396
23 12 1479.99 0 3 1.14968
24 12 1451.53 0 3 1.15002
25 12 1596.09 0 3 1.15578
26 12 1596.68 0 3 1.16368
27 12 1811.95 0 3 1.16944
28 12 2145.65 0 3 1.17214
29 12 2453.01 0 3 1.1726
22 1 118531 0 3 1.62965
2 12 236.171 0 3 1.11827
30 12 2296.94 0 3 1.17458
31 12 1911.3 0 3 1.18088
32 12 1778.07 0 3 1.18402
33 12 1486.42 0 3 1.1803
34 12 1196.05 0 3 1.17542
35 12 1757.85 0 3 1.17061
36 12 1833.22 0 3 1.16535
37 12 908.995 0 3 1.17096
38 12 771.084 0 3 1.18148
39 12 1333.94 0 3 1.18096
23 1 118418 0 3 1.60855
3 12 248.049 0 3 1.13491
40 12 907.702 0 3 1.17254
41 12 550.48 0 3 1.16663
42 12 683.996 0 3 1.1782
43 12 663.527 0 3 1.17986
44 12 397.621 0 3 1.16963
45 12 540.749 0 3 1.17397
46 12 348.505 0 3 1.17725
47 12 292.111 0 3 1.1707
48 12 263.873 0 3 1.17823
49 12 199.491 0 3 1.17136
24 1 129248 0 3 1.64153
4 12 257.479 0 3 1.1536
50 12 215.624 0 3 1.1766
25 1 155719 0 3 1.70923
5 12 261.791 0 3 1.17423
26 1 176486 0 3 1.77126
6 12 258.219 0 3 1.19643
27 1 186857 0 3 1.81731
7 12 245.383 0 3 1.21951
28 1 187440 0 3 1.86004
8 12 225.329 0 3 1.24239
29 1 196040 0 3 1.89345
9 12 204.761 0 3 1.26348
2 1 3276.55 0 3 1.48332
30 1 178660 0 3 1.91913
0 13 201.534 0 3 1.08276
10 13 172.837 0 3 1.24695
11 13 173.166 0 3 1.25695
12 13 189.626 0 3 1.26067
13 13 220.117 0 3 1.2574
14 13 260.112 0 3 1.24744
15 13 310.879 0 3 1.232
16 13 390.671 0 3 1.21295
17 13 531.58 0 3 1.19261
18 13 735.802 0 3 1.17385
19 13 929.124 0 3 1.15936
31 1 125158 0 3 1.94231
1 13 210.679 0 3 1.09393
20 13 1069.41 0 3 1.1499
21 13 1231.55 0 3 1.14356
22 13 1299.23 0 3 1.13825
23 13 1167.27 0 3 1.13456
24 13 1126.01 0 3 1.1348
25 13 1212.55 0 3 1.13972
26 13 1196.8 0 3 1.14656
27 13 1378.6 0 3 1.15157
28 13 1676.93 0 3 1.15383
29 13 1934.86 0 3 1.15418
32 1 120278 0 3 1.94068
2 13 220.14 0 3 1.10674
30 13 1806.73 0 3 1.15597
31 13 1509.17 0 3 1.16146
32 13 1396.68 0 3 1.16412
33 13 1135.62 0 3 1.16093
34 13 907.872 0 3 1.15673
35 13 1405.08 0 3 1.15249
36 13 1475.52 0 3 1.14783
37 13 705.834 0 3 1.15277
38 13 591.984 0 3 1.16189
39 13 1090.5 0 3 1.16149
33 1 117946 0 3 1.89958
3 13 228.942 0 3 1.12127
40 13 730.104 0 3 1.15417
41 13 440.356 0 3 1.14898
42 13 565.47 0 3 1.15907
43 13 552.588 0 3 1.16052
44 13 329.607 0 3 1.15163
45 13 459.76 0 3 1.15543
46 13 300.374 0 3 1.15828
47 13 258.846 0 3 1.1526
48 13 238.359 0 3 1.15914
49 13 183.351 0 3 1.15318
34 1 99472.4 0 3 1.8517
4 13 235.53 0 3 1.13754
50 13 199.578 0 3 1.15773
35 1 96448.7 0 3 1.84657
5 13 237.836 0 3 1.15541
36 1 96901.2 0 3 1.82952
6 13 233.747 0 3 1.17458
37 1 63412 0 3 1.87217
7 13 222.169 0 3 1.19443
38 1 55051.7 0 3 1.93443
8 13 204.502 0 3 1.21404
39 1 57760.6 0 3 1.9054
9 13 185.592 0 3 1.23208
3 1 5513.4 0 3 1.59612
40 1 44948.1 0 3 1.85332
0 14 193.058 0 3 1.07555
10 14 159.425 0 3 1.21812
11 14 155.863 0 3 1.22675
12 14 164.903 0 3 1.23003
13 14 185.943 0 3 1.2273
14 14 216.863 0 3 1.21878
15 14 260.064 0 3 1.20545
16 14 330.016 0 3 1.18897
17 14 449.526 0 3 1.17142
18 14 616.603 0 3 1.15528
19 14 772.97 0 3 1.1428
41 1 32177.6 0 3 1.82612
1 14 200.282 0 3 1.08539
20 14 886.411 0 3 1.13459
21 14 1008.41 0 3 1.12908
22 14 1050.46 0 3 1.12449
23 14 935.077 0 3 1.12131
24 14 886.555 0 3 1.12148
25 14 932.68 0 3 1.1257
26 14 907.183 0 3 1.13165
27 14 1061.6 0 3 1.13602
28 14 1327.73 0 3 1.13793
29 14 1545.83 0 3 1.13819
42 1 26511 0 3 1.90245
2 14 207.598 0 3 1.09664
30 14 1439.34 0 3 1.13981
31 14 1207.15 0 3 1.1446
32 14 1111.75 0 3 1.14687
33 14 878.393 0 3 1.14412
34 14 698.295 0 3 1.14049
35 14 1138.58 0 3 1.13675
36 14 1203.75 0 3 1.13262
37 14 557.048 0 3 1.13698
38 14 462.17 0 3 1.14491
39 14 904.255 0 3 1.14459
43 1 24988 0 3 1.90465
3 14 214.194 0 3 1.10937
40 14 597.286 0 3 1.13821
41 14 360.094 0 3 1.13364
42 14 475.844 0 3 1.14247
43 14 468.373 0 3 1.14374
44 14 279.91 0 3 1.13599
45 14 397.702 0 3 1.13933
46 14 264.548 0 3 1.14181
47 14 233.88 0 3 1.13687
48 14 219.07 0 3 1.14257
49 14 171.799 0 3 1.13738
44 1 17578.1 0 3 1.83095
4 14 218.819 0 3 1.12357
50 14 187.596 0 3 1.14134
45 1 15830.6 0 3 1.85775
5 14 219.846 0 3 1.13913
46 1 11990.7 0 3 1.88022
6 14 215.625 0 3 1.15575
47 1 7182.91 0 3 1.82617
7 14 205.271 0 3 1.17291
48 1 5335.22 0 3 1.88044
8 14 189.739 0 3 1.18981
49 1 4302.76 0 3 1.82703
9 14 172.582 0 3 1.20533
4 1 9584.2 0 3 1.74099
50 1 3398.92 0 3 1.86819
0 15 186.188 0 3 1.06918
10 15 150.765 0 3 1.19345
11 15 144.943 0 3 1.20094
12 15 149.075 0 3 1.20382
13 15 163.51 0 3 1.20153
14 15 187.663 0 3 1.19419
15 15 224.486 0 3 1.18264
16 15 285.567 0 3 1.16833
17 15 387.212 0 3 1.15311
18 15 525.069 0 3 1.13915
19 15 652.793 0 3 1.12835
1 15 191.95 0 3 1.07787
20 15 745.05 0 3 1.12121
21 15 837.238 0 3 1.1164
22 15 861.595 0 3 1.11242
23 15 760.723 0 3 1.10967
24 15 708.703 0 3 1.10978
25 15 726.828 0 3 1.11343
26 15 695.91 0 3 1.11862
27 15 827.745 0 3 1.12245
28 15 1064.83 0 3 1.12406
29 15 1250.47 0 3 1.12426
2 15 197.666 0 3 1.08778
30 15 1161.07 0 3 1.12572
31 15 978.072 0 3 1.12991
32 15 896.813 0 3 1.13186
33 15 688.402 0 3 1.12947
34 15 544.916 0 3 1.12633
35 15 935.065 0 3 1.12302
36 15 994.92 0 3 1.11936
37 15 447.38 0 3 1.12321
38 15 367.672 0 3 1.13013
39 15 760.146 0 3 1.12988
3 15 202.658 0 3 1.09895
40 15 497.035 0 3 1.1243
41 15 301.25 0 3 1.12027
42 15 407.413 0 3 1.12802
43 15 403.778 0 3 1.12913
44 15 243.402 0 3 1.12236
45 15 349.655 0 3 1.12529
46 15 237.654 0 3 1.12746
47 15 214.98 0 3 1.12314
48 15 204.348 0 3 1.12813
49 15 163.523 0 3 1.1236
4 15 205.91 0 3 1.11139
50 15 178.579 0 3 1.12706
5 15 206.122 0 3 1.12497
6 15 201.987 0 3 1.13944
7 15 192.77 0 3 1.15434
8 15 179.122 0 3 1.16897
9 15 163.676 0 3 1.18239
5 1 16588.4 0 3 1.92742
0 16 180.57 0 3 1.06356
10 16 145.246 0 3 1.17223
11 16 138.208 0 3 1.17875
12 16 139.111 0 3 1.18129
13 16 148.891 0 3 1.17935
14 16 167.934 0 3 1.173
15 16 199.399 0 3 1.16295
16 16 252.641 0 3 1.15047
17 16 339.36 0 3 1.13722
18 16 453.987 0 3 1.1251
19 16 559.238 0 3 1.11572
1 16 185.207 0 3 1.07124
20 16 634.674 0 3 1.10948
21 16 704.545 0 3 1.10527
22 16 716.724 0 3 1.10181
23 16 628.502 0 3 1.09941
24 16 575.522 0 3 1.0995
25 16 574.47 0 3 1.10266
26 16 540.972 0 3 1.1072
27 16 654.042 0 3 1.11056
28 16 865.111 0 3 1.11194
29 16 1024.03 0 3 1.11209
2 16 189.716 0 3 1.07997
30 16 948.341 0 3 1.1134
31 16 802.804 0 3 1.11708
32 16 733.301 0 3 1.11876
33 16 547.259 0 3 1.11668
34 16 432.158 0 3 1.11394
35 16 778.147 0 3 1.11101
36 16 832.824 0 3 1.10777
37 16 366.159 0 3 1.11117
38 16 298.722 0 3 1.11723
39 16 647.486 0 3 1.11703
3 16 193.526 0 3 1.08981
40 16 420.752 0 3 1.11214
41 16 257.929 0 3 1.10857
42 16 354.71 0 3 1.11539
43 16 353.769 0 3 1.11636
44 16 216.482 0 3 1.11043
45 16 312.103 0 3 1.11301
46 16 217.316 0 3 1.11491
47 16 200.563 0 3 1.11113
48 16 193.015 0 3 1.11551
49 16 157.604 0 3 1.11153
4 16 195.807 0 3 1.10073
50 16 171.747 0 3 1.11457
5 16 195.508 0 3 1.11263
6 16 191.576 0 3 1.12526
7 16 183.392 0 3 1.13824
8 16 171.393 0 3 1.15097
9 16 157.553 0 3 1.16262
6 1 26568.5 0 3 2.16577
0 17 175.938 0 3 1.05858
10 17 141.826 0 3 1.15387
11 17 134.242 0 3 1.15957
12 17 133.049 0 3 1.16181
13 17 139.529 0 3 1.16015
14 17 154.671 0 3 1.15464
15 17 181.637 0 3 1.14587
16 17 228.029 0 3 1.13496
17 17 302.252 0 3 1.12339
18 17 398.233 0 3 1.11282
19 17 485.654 0 3 1.10464
1 17 179.701 0 3 1.06537
20 17 547.654 0 3 1.09917
21 17 600.713 0 3 1.09547
22 17 604.572 0 3 1.09246
23 17 527.351 0 3 1.09037
24 17 475.1 0 3 1.09043
25 17 461.168 0 3 1.09319
26 17 426.947 0 3 1.09717
27 17 524.324 0 3 1.10012
28 17 712.172 0 3 1.1013
29 17 848.911 0 3 1.10142
2 17 183.288 0 3 1.07309
30 17 784.359 0 3 1.1026
31 17 667.665 0 3 1.10583
32 17 607.986 0 3 1.10728
33 17 441.951 0 3 1.10547
34 17 349.031 0 3 1.10307
35 17 656.098 0 3 1.10048
36 17 705.841 0 3 1.0976
37 17 305.808 0 3 1.10061
38 17 248.402 0 3 1.10593
39 17 558.582 0 3 1.10577
3 17 186.22 0 3 1.08177
40 17 362.29 0 3 1.10147
41 17 225.954 0 3 1.09832
42 17 313.8 0 3 1.10433
43 17 314.719 0 3 1.10518
44 17 196.588 0 3 1.09997
45 17 282.5 0 3 1.10224
46 17 201.837 0 3 1.10392
47 17 189.491 0 3 1.1006
48 17 184.221 0 3 1.10444
49 17 153.393 0 3 1.10095
4 17 187.809 0 3 1.09138
50 17 166.541 0 3 1.10362
5 17 187.198 0 3 1.10182
6 17 183.526 0 3 1.11289
7 17 176.268 0 3 1.12424
8 17 165.71 0 3 1.13534
9 17 153.345 0 3 1.1455
7 1 36777.7 0 3 2.46433
0 18 172.093 0 3 1.05416
10 18 139.817 0 3 1.13793
11 18 132.114 0 3 1.14292
12 18 129.596 0 3 1.14491
13 18 133.731 0 3 1.14348
14 18 145.866 0 3 1.13867
15 18 169.048 0 3 1.131
16 18 209.489 0 3 1.12143
17 18 273.223 0 3 1.1113
18 18 354.102 0 3 1.10206
19 18 427.233 0 3 1.0949
1 18 175.168 0 3 1.06019
20 18 478.445 0 3 1.0901
21 18 518.773 0 3 1.08684
22 18 517.025 0 3 1.08421
23 18 449.36 0 3 1.08238
24 18 398.933 0 3 1.08243
25 18 376.626 0 3 1.08484
26 18 342.882 0 3 1.08834
27 18 427.057 0 3 1.09094
28 18 594.231 0 3 1.09196
29 18 712.405 0 3 1.09204
2 18 178.045 0 3 1.06702
30 18 657.018 0 3 1.0931
31 18 562.742 0 3 1.09595
32 18 511.31 0 3 1.0972
33 18 363.14 0 3 1.09562
34 18 287.68 0 3 1.09352
35 18 560.412 0 3 1.09123
36 18 605.524 0 3 1.08866
37 18 260.883 0 3 1.09134
38 18 211.751 0 3 1.09601
39 18 487.819 0 3 1.09588
3 18 180.316 0 3 1.07468
40 18 317.199 0 3 1.09209
41 18 202.332 0 3 1.0893
42 18 281.816 0 3 1.09461
43 18 283.989 0 3 1.09536
44 18 181.879 0 3 1.09077
45 18 258.978 0 3 1.09278
46 18 189.99 0 3 1.09426
47 18 180.935 0 3 1.09133
48 18 177.349 0 3 1.09472
49 18 150.422 0 3 1.09165
4 18 181.41 0 3 1.08315
50 18 162.554 0 3 1.094
5 18 180.618 0 3 1.09234
6 18 177.231 0 3 1.10207
7 18 170.797 0 3 1.11201
8 18 161.496 0 3 1.12173
9 18 150.468 0 3 1.13061
8 1 47639.1 0 3 2.82259
0 19 168.877 0 3 1.05025
10 19 138.757 0 3 1.12404
11 19 131.204 0 3 1.12842
12 19 127.888 0 3 1.13018
13 19 130.358 0 3 1.12895
14 19 140.152 0 3 1.12475
15 19 160.143 0 3 1.11801
16 19 195.434 0 3 1.1096
17 19 250.334 0 3 1.10071
18 19 318.881 0 3 1.0926
19 19 380.454 0 3 1.08632
1 19 171.41 0 3 1.05559
20 19 422.956 0 3 1.0821
21 19 453.603 0 3 1.07923
22 19 448.165 0 3 1.07692
23 19 388.802 0 3 1.07532
24 19 340.879 0 3 1.07535
25 19 313.415 0 3 1.07746
26 19 280.903 0 3 1.08054
27 19 353.913 0 3 1.08284
28 19 502.707 0 3 1.08372
29 19 605.237 0 3 1.08378
2 19 173.734 0 3 1.06164
30 19 557.463 0 3 1.08474
31 19 480.766 0 3 1.08724
32 19 436.29 0 3 1.08834
33 19 304.057 0 3 1.08695
34 19 242.43 0 3 1.08511
35 19 484.843 0 3 1.08307
36 19 525.657 0 3 1.08079
37 19 227.427 0 3 1.08316
38 19 185.176 0 3 1.08729
39 19 431.043 0 3 1.08718
3 19 175.505 0 3 1.06843
40 19 282.222 0 3 1.08384
41 19 184.896 0 3 1.08136
42 19 256.645 0 3 1.08605
43 19 259.629 0 3 1.08672
44 19 171.016 0 3 1.08267
45 19 240.148 0 3 1.08445
46 19 180.879 0 3 1.08575
47 19 174.289 0 3 1.08317
48 19 171.944 0 3 1.08616
49 19 148.358 0 3 1.08345
4 19 176.242 0 3 1.07591
50 19 159.488 0 3 1.08553
5 19 175.357 0 3 1.08401
6 19 172.258 0 3 1.09257
7 19 166.554 0 3 1.10131
8 19 158.351 0 3 1.10984
9 19 148.524 0 3 1.11763
9 1 65271.2 0 3 3.21753
0 20 166.173 0 3 1.04677
10 20 138.334 0 3 1.1119
11 20 131.094 0 3 1.11576
12 20 127.341 0 3 1.11731
13 20 128.633 0 3 1.11625
14 20 136.592 0 3 1.11256
15 20 153.884 0 3 1.10663
16 20 184.719 0 3 1.09923
17 20 232.154 0 3 1.0914
18 20 290.555 0 3 1.08428
19 20 342.7 0 3 1.07875
1 20 168.271 0 3 1.05151
20 20 378.136 0 3 1.07503
21 20 401.396 0 3 1.07249
22 20 393.624 0 3 1.07046
23 20 341.477 0 3 1.06906
24 20 296.447 0 3 1.06909
25 20 266.12 0 3 1.07094
26 20 235.292 0 3 1.07366
27 20 298.813 0 3 1.07569
28 20 431.279 0 3 1.07645
29 20 520.544 0 3 1.0765
2 20 170.163 0 3 1.05688
30 20 479.151 0 3 1.07736
31 20 416.347 0 3 1.07957
32 20 377.765 0 3 1.08053
33 20 259.741 0 3 1.0793
34 20 209.142 0 3 1.07768
35 20 424.755 0 3 1.07587
36 20 461.609 0 3 1.07384
37 20 202.544 0 3 1.07595
38 20 166.055 0 3 1.07959
39 20 385.152 0 3 1.0795
3 20 171.551 0 3 1.06289
40 20 254.95 0 3 1.07655
41 20 172.061 0 3 1.07435
42 20 236.713 0 3 1.07851
43 20 240.189 0 3 1.07909
44 20 163.019 0 3 1.07551
45 20 224.97 0 3 1.07709
46 20 173.842 0 3 1.07824
47 20 169.1 0 3 1.07597
48 20 167.666 0 3 1.07861
49 20 146.954 0 3 1.07622
4 20 172.031 0 3 1.06951
50 20 157.12 0 3 1.07805
5 20 171.111 0 3 1.07667
6 20 168.292 0 3 1.08421
7 20 163.233 0 3 1.09191
8 20 155.989 0 3 1.09941
9 20 147.236 0 3 1.10626
0 2 950.703 0 3 1.283
10 2 20879 0 3 2.797
0 21 163.886 0 3 1.04367
10 21 138.333 0 3 1.10125
11 21 131.501 0 3 1.10465
12 21 127.557 0 3 1.10603
13 21 128.022 0 3 1.10511
14 21 134.53 0 3 1.10187
15 21 149.531 0 3 1.09664
16 21 176.514 0 3 1.09011
17 21 217.618 0 3 1.08321
18 21 267.612 0 3 1.07693
19 21 312.006 0 3 1.07206
11 2 27769.8 0 3 2.91778
1 21 165.635 0 3 1.04789
20 21 341.682 0 3 1.06877
21 21 359.294 0 3 1.06653
22 21 350.144 0 3 1.06475
23 21 304.275 0 3 1.06351
24 21 262.326 0 3 1.06353
25 21 230.756 0 3 1.06516
26 21 201.863 0 3 1.06756
27 21 257.282 0 3 1.06936
28 21 375.248 0 3 1.07003
29 21 453.202 0 3 1.07006
12 2 36886.9 0 3 2.90734
2 21 167.184 0 3 1.05266
30 21 417.198 0 3 1.07083
31 21 365.456 0 3 1.07279
32 21 331.889 0 3 1.07362
33 21 226.529 0 3 1.07254
34 21 184.773 0 3 1.07112
35 21 376.67 0 3 1.06951
36 21 409.9 0 3 1.0677
37 21 184.09 0 3 1.06958
38 21 152.458 0 3 1.0728
39 21 347.801 0 3 1.07272
13 2 45851.5 0 3 2.77515
3 21 168.278 0 3 1.05799
40 21 233.585 0 3 1.07011
41 21 162.66 0 3 1.06816
42 21 220.839 0 3 1.07184
43 21 224.575 0 3 1.07236
44 21 157.162 0 3 1.06919
45 21 212.656 0 3 1.07059
46 21 168.388 0 3 1.07161
47 21 165.03 0 3 1.0696
48 21 164.26 0 3 1.07194
49 21 146.032 0 3 1.06982
14 2 49203.8 0 3 2.59644
4 21 168.574 0 3 1.06385
50 21 155.287 0 3 1.07144
15 2 44060.4 0 3 2.50711
5 21 167.657 0 3 1.07018
16 2 34841.3 0 3 2.36717
6 21 165.102 0 3 1.07685
17 2 30222.8 0 3 2.11273
7 21 160.613 0 3 1.08364
18 2 32431.6 0 3 1.88036
8 21 154.209 0 3 1.09025
19 2 38506.7 0 3 1.72349
9 21 146.414 0 3 1.09628
1 2 1347.78 0 3 1.34056
20 2 40698.4 0 3 1.64116
0 22 161.941 0 3 1.04092
10 22 138.607 0 3 1.0919
11 22 132.232 0 3 1.0949
12 22 128.262 0 3 1.09613
13 22 128.154 0 3 1.09532
14 22 133.509 0 3 1.09246
15 22 146.558 0 3 1.08785
16 22 170.206 0 3 1.08208
17 22 205.923 0 3 1.07598
18 22 248.905 0 3 1.07044
19 22 286.883 0 3 1.06615
21 2 49994.9 0 3 1.58679
1 22 163.408 0 3 1.04468
20 22 311.842 0 3 1.06323
21 22 325.126 0 3 1.06125
22 22 315.27 0 3 1.05967
23 22 274.869 0 3 1.05858
24 22 236.051 0 3 1.0586
25 22 204.371 0 3 1.06004
26 22 177.524 0 3 1.06216
27 22 225.997 0 3 1.06376
28 22 331.086 0 3 1.06434
29 22 399.347 0 3 1.06437
22 2 58161.5 0 3 1.53995
2 22 164.683 0 3 1.04891
30 22 367.924 0 3 1.06505
31 22 325.05 0 3 1.06679
32 22 295.767 0 3 1.06752
33 22 201.696 0 3 1.06657
34 22 167.068 0 3 1.06531
35 22 337.959 0 3 1.06388
36 22 367.884 0 3 1.06227
37 22 170.471 0 3 1.06394
38 22 142.958 0 3 1.06679
39 22 317.201 0 3 1.06673
23 2 58269.3 0 3 1.52106
3 22 165.55 0 3 1.05364
40 22 216.775 0 3 1.06441
41 22 155.828 0 3 1.06267
42 22 208.128 0 3 1.06594
43 22 211.958 0 3 1.0664
44 22 152.909 0 3 1.0636
45 22 202.603 0 3 1.06484
46 22 164.148 0 3 1.06574
47 22 161.825 0 3 1.06396
48 22 161.534 0 3 1.06603
49 22 145.462 0 3 1.06416
24 2 62696.5 0 3 1.54246
4 22 165.715 0 3 1.05884
50 22 153.863 0 3 1.06559
25 2 75182.3 0 3 1.59218
5 22 164.823 0 3 1.06445
26 2 83495.8 0 3 1.64013
6 22 162.516 0 3 1.07035
27 2 87366.3 0 3 1.67548
7 22 158.53 0 3 1.07635
28 2 87173.1 0 3 1.70489
8 22 152.861 0 3 1.08219
29 2 91885.5 0 3 1.71854
9 22 145.919 0 3 1.08751
2 2 1975.05 0 3 1.41206
30 2 85066.1 0 3 1.7295
0 23 160.279 0 3 1.03847
10 23 139.055 0 3 1.08366
11 23 133.154 0 3 1.08632
12 23 129.269 0 3 1.0874
13 23 128.773 0 3 1.0867
14 23 133.202 0 3 1.08418
15 23 144.583 0 3 1.0801
16 23 165.342 0 3 1.07499
17 23 196.457 0 3 1.0696
18 23 233.556 0 3 1.0647
19 23 266.188 0 3 1.0609
31 2 62757.8 0 3 1.75777
1 23 161.516 0 3 1.04181
20 23 287.265 0 3 1.05832
21 23 297.232 0 3 1.05656
22 23 287.138 0 3 1.05517
23 23 251.508 0 3 1.05421
24 23 215.777 0 3 1.05422
25 23 184.761 0 3 1.05549
26 23 159.979 0 3 1.05737
27 23 202.475 0 3 1.05879
28 23 296.126 0 3 1.0593
29 23 356.043 0 3 1.05932
32 2 61281.6 0 3 1.7683
2 23 162.573 0 3 1.04558
30 23 328.538 0 3 1.05993
31 23 292.819 0 3 1.06147
32 23 267.211 0 3 1.06212
33 23 183.202 0 3 1.06127
34 23 154.35 0 3 1.06016
35 23 306.616 0 3 1.05889
36 23 333.54 0 3 1.05745
37 23 160.495 0 3 1.05894
38 23 136.492 0 3 1.06147
39 23 291.978 0 3 1.06141
33 2 60841.8 0 3 1.74011
3 23 163.263 0 3 1.04979
40 23 203.496 0 3 1.05936
41 23 150.918 0 3 1.05781
42 23 197.896 0 3 1.06072
43 23 201.705 0 3 1.06112
44 23 149.857 0 3 1.05863
45 23 194.348 0 3 1.05974
46 23 160.841 0 3 1.06054
47 23 159.291 0 3 1.05896
48 23 159.34 0 3 1.0608
49 23 145.144 0 3 1.05914
34 2 51679.3 0 3 1.7056
4 23 163.334 0 3 1.0544
50 23 152.754 0 3 1.06041
35 2 51862.7 0 3 1.69438
5 23 162.484 0 3 1.05938
36 2 51834.1 0 3 1.67584
6 23 160.403 0 3 1.0646
37 2 33752.2 0 3 1.70636
7 23 156.863 0 3 1.06992
38 2 29873.9 0 3 1.76383
8 23 151.839 0 3 1.07508
39 2 32265.7 0 3 1.74603
9 23 145.655 0 3 1.07978
3 2 2961.13 0 3 1.50119
40 2 25494.3 0 3 1.7026
0 24 158.854 0 3 1.03629
10 24 139.606 0 3 1.07639
11 24 134.178 0 3 1.07874
12 24 130.447 0 3 1.07971
13 24 129.697 0 3 1.07909
14 24 133.381 0 3 1.07686
15 24 143.331 0 3 1.07325
16 24 161.581 0 3 1.06873
17 24 188.753 0 3 1.06395
18 24 220.889 0 3 1.05961
19 24 249.038 0 3 1.05625
41 2 17996.3 0 3 1.67748
1 24 159.901 0 3 1.03927
20 24 266.908 0 3 1.05396
21 24 274.332 0 3 1.0524
22 24 264.319 0 3 1.05116
23 24 232.858 0 3 1.05032
24 24 200.108 0 3 1.05033
25 24 170.274 0 3 1.05145
26 24 147.515 0 3 1.05312
27 24 184.848 0 3 1.05438
28 24 268.337 0 3 1.05483
29 24 321.042 0 3 1.05484
42 2 15448.5 0 3 1.74016
2 24 160.782 0 3 1.04262
30 24 296.904 0 3 1.05539
31 24 266.994 0 3 1.05676
32 24 244.548 0 3 1.05732
33 24 169.51 0 3 1.05658
34 24 145.362 0 3 1.05559
35 24 281.099 0 3 1.05446
36 24 305.304 0 3 1.05317
37 24 153.265 0 3 1.0545
38 24 132.268 0 3 1.05674
39 24 271.066 0 3 1.0567
43 2 14492.1 0 3 1.74473
3 24 161.334 0 3 1.04636
40 24 192.967 0 3 1.05488
41 24 147.448 0 3 1.0535
42 24 189.619 0 3 1.05608
43 24 193.327 0 3 1.05644
44 24 147.704 0 3 1.05423
45 24 187.532 0 3 1.05522
46 24 158.257 0 3 1.05593
47 24 157.28 0 3 1.05452
48 24 157.566 0 3 1.05616
49 24 145.009 0 3 1.05468
44 2 10287.4 0 3 1.68533
4 24 161.339 0 3 1.05046
50 24 151.89 0 3 1.05581
45 2 9579.5 0 3 1.70734
5 24 160.539 0 3 1.05488
46 2 6960.72 0 3 1.72576
6 24 158.666 0 3 1.05951
47 2 4385.15 0 3 1.68433
7 24 155.519 0 3 1.06422
48 2 3291.52 0 3 1.72744
8 24 151.063 0 3 1.06879
49 2 2626.41 0 3 1.68591
9 24 145.553 0 3 1.07296
4 2 4453.39 0 3 1.61238
50 2 2150.84 0 3 1.71776
0 25 157.626 0 3 1.03434
10 25 140.21 0 3 1.06996
11 25 135.242 0 3 1.07205
12 25 131.709 0 3 1.07291
13 25 130.801 0 3 1.07237
14 25 133.881 0 3 1.07039
15 25 142.599 0 3 1.06719
16 25 158.668 0 3 1.06318
17 25 182.45 0 3 1.05894
18 25 210.377 0 3 1.0551
19 25 234.747 0 3 1.05211
1 25 158.517 0 3 1.037
20 25 249.955 0 3 1.05008
21 25 255.429 0 3 1.0487
22 25 245.714 0 3 1.0476
23 25 217.901 0 3 1.04685
24 25 187.986 0 3 1.04686
25 25 159.662 0 3 1.04786
26 25 138.847 0 3 1.04934
27 25 171.706 0 3 1.05046
28 25 246.161 0 3 1.05085
29 25 292.611 0 3 1.05086
2 25 159.255 0 3 1.03999
30 25 271.38 0 3 1.05136
31 25 246.212 0 3 1.05257
32 25 226.498 0 3 1.05307
33 25 159.46 0 3 1.05241
34 25 139.16 0 3 1.05154
35 25 260.217 0 3 1.05052
36 25 281.963 0 3 1.04938
37 25 148.103 0 3 1.05056
38 25 129.691 0 3 1.05255
39 25 253.634 0 3 1.05252
3 25 159.698 0 3 1.04331
40 25 184.59 0 3 1.0509
41 25 145.053 0 3 1.04967
42 25 182.891 0 3 1.05197
43 25 186.445 0 3 1.05229
44 25 146.223 0 3 1.05032
45 25 181.874 0 3 1.0512
46 25 156.233 0 3 1.05183
47 25 155.679 0 3 1.05058
48 25 156.125 0 3 1.05204
49 25 145.002 0 3 1.05072
4 25 159.658 0 3 1.04696
50 25 151.215 0 3 1.05173
5 25 158.912 0 3 1.05089
6 25 157.229 0 3 1.055
7 25 154.429 0 3 1.05918
8 25 150.473 0 3 1.06323
9 25 145.562 0 3 1.06692
5 2 6490.89 0 3 1.75054
0 26 156.564 0 3 1.03261
10 26 140.836 0 3 1.06428
11 26 136.304 0 3 1.06613
12 26 132.993 0 3 1.0669
13 26 131.998 0 3 1.06642
14 26 134.585 0 3 1.06467
15 26 142.239 0 3 1.06183
16 26 156.408 0 3 1.05826
17 26 177.266 0 3 1.0545
18 26 201.606 0 3 1.05109
19 26 222.773 0 3 1.04844
1 26 157.326 0 3 1.03497
20 26 235.764 0 3 1.04664
21 26 239.747 0 3 1.0454
22 26 230.468 0 3 1.04443
23 26 205.852 0 3 1.04377
24 26 178.605 0 3 1.04378
25 26 151.983 0 3 1.04466
26 26 133.007 0 3 1.04598
27 26 161.978 0 3 1.04697
28 26 228.4 0 3 1.04732
29 26 269.406 0 3 1.04733
2 26 157.947 0 3 1.03764
30 26 250.695 0 3 1.04777
31 26 229.419 0 3 1.04885
32 26 212.072 0 3 1.04929
33 26 152.17 0 3 1.0487
34 26 135.033 0 3 1.04793
35 26 243.042 0 3 1.04703
36 26 262.568 0 3 1.046
37 26 144.497 0 3 1.04706
38 26 128.317 0 3 1.04883
39 26 239.026 0 3 1.0488
3 26 158.304 0 3 1.0406
40 26 177.901 0 3 1.04736
41 26 143.46 0 3 1.04626
42 26 177.397 0 3 1.04831
43 26 180.763 0 3 1.04859
44 26 145.244 0 3 1.04685
45 26 177.153 0 3 1.04763
46 26 154.646 0 3 1.04819
47 26 154.401 0 3 1.04708
48 26 154.948 0 3 1.04837
49 26 145.084 0 3 1.04721
4 26 158.234 0 3 1.04385
50 26 150.688 0 3 1.0481
5 26 157.543 0 3 1.04734
6 26 156.032 0 3 1.051
7 26 153.54 0 3 1.05471
8 26 150.025 0 3 1.0583
9 26 145.647 0 3 1.06158
6 2 8742.71 0 3 1.91994
0 27 155.644 0 3 1.03106
10 27 141.459 0 3 1.05924
11 27 137.339 0 3 1.06089
12 27 134.259 0 3 1.06157
13 27 133.228 0 3 1.06114
14 27 135.411 0 3 1.05959
15 27 142.143 0 3 1.05707
16 27 154.653 0 3 1.0539
17 27 172.981 0 3 1.05056
18 27 194.253 0 3 1.04753
19 27 212.692 0 3 1.04517
1 27 156.297 0 3 1.03317
20 27 223.827 0 3 1.04357
21 27 226.672 0 3 1.04247
22 27 217.913 0 3 1.04161
23 27 196.105 0 3 1.04102
24 27 171.347 0 3 1.04103
25 27 146.518 0 3 1.04181
26 27 129.265 0 3 1.04298
27 27 154.848 0 3 1.04387
28 27 214.122 0 3 1.04418
29 27 250.378 0 3 1.04418
2 27 156.822 0 3 1.03555
30 27 233.858 0 3 1.04458
31 27 215.795 0 3 1.04554
32 27 200.504 0 3 1.04593
33 27 146.968 0 3 1.0454
34 27 132.444 0 3 1.04472
35 27 228.845 0 3 1.04391
36 27 246.372 0 3 1.043
37 27 142.058 0 3 1.04394
38 27 127.812 0 3 1.04552
39 27 226.726 0 3 1.04549
3 27 157.111 0 3 1.03819
40 27 172.544 0 3 1.04421
41 27 142.461 0 3 1.04323
42 27 172.891 0 3 1.04506
43 27 176.049 0 3 1.04531
44 27 144.635 0 3 1.04375
45 27 173.195 0 3 1.04445
46 27 153.399 0 3 1.04495
47 27 153.376 0 3 1.04396
48 27 153.983 0 3 1.04511
49 27 145.227 0 3 1.04407
4 27 157.022 0 3 1.04108
50 27 150.275 0 3 1.04487
5 27 156.386 0 3 1.04419
6 27 155.03 0 3 1.04744
7 27 152.811 0 3 1.05074
8 27 149.686 0 3 1.05393
9 27 145.78 0 3 1.05684
7 2 10608.1 0 3 2.12203
0 28 154.842 0 3 1.02968
10 28 142.065 0 3 1.05477
11 28 138.328 0 3 1.05623
12 28 135.482 0 3 1.05684
13 28 134.448 0 3 1.05647
14 28 136.298 0 3 1.05509
15 28 142.231 0 3 1.05284
16 28 153.29 0 3 1.05003
17 28 169.424 0 3 1.04705
18 28 188.057 0 3 1.04436
19 28 204.165 0 3 1.04227
1 28 155.405 0 3 1.03156
20 28 213.74 0 3 1.04084
21 28 215.719 0 3 1.03986
22 28 207.526 0 3 1.0391
23 28 188.187 0 3 1.03857
24 28 165.734 0 3 1.03858
25 28 142.723 0 3 1.03927
26 28 127.071 0 3 1.04032
27 28 149.693 0 3 1.04111
28 28 202.605 0 3 1.04138
29 28 234.704 0 3 1.04138
2 28 155.852 0 3 1.03368
30 28 220.096 0 3 1.04173
31 28 204.698 0 3 1.04259
32 28 191.198 0 3 1.04293
33 28 143.344 0 3 1.04247
34 28 130.987 0 3 1.04186
35 28 217.057 0 3 1.04114
36 28 232.783 0 3 1.04033
37 28 140.489 0 3 1.04117
38 28 127.924 0 3 1.04257
39 28 216.319 0 3 1.04255
3 28 156.086 0 3 1.03604
40 28 168.239 0 3 1.04141
41 28 141.9 0 3 1.04053
42 28 169.177 0 3 1.04216
43 28 172.12 0 3 1.04239
44 28 144.3 0 3 1.041
45 28 169.862 0 3 1.04162
46 28 152.419 0 3 1.04207
47 28 152.552 0 3 1.04119
48 28 153.188 0 3 1.04221
49 28 145.407 0 3 1.04129
4 28 155.985 0 3 1.03861
50 28 149.952 0 3 1.042
5 28 155.403 0 3 1.04138
6 28 154.187 0 3 1.04427
7 28 152.21 0 3 1.04721
8 28 149.428 0 3 1.05005
9 28 145.945 0 3 1.05264
8 2 12439.5 0 3 2.35135
0 29 154.144 0 3 1.02844
10 29 142.645 0 3 1.0508
11 29 139.261 0 3 1.0521
12 29 136.645 0 3 1.05264
13 29 135.633 0 3 1.05231
14 29 137.207 0 3 1.05109
15 29 142.443 0 3 1.04909
16 29 152.231 0 3 1.04658
17 29 166.456 0 3 1.04393
18 29 182.815 0 3 1.04154
19 29 196.919 0 3 1.03968
1 29 154.63 0 3 1.03013
20 29 205.18 0 3 1.0384
21 29 206.504 0 3 1.03753
22 29 198.893 0 3 1.03685
23 29 181.729 0 3 1.03639
24 29 161.4 0 3 1.03639
25 29 140.181 0 3 1.03701
26 29 126.008 0 3 1.03794
27 29 146.037 0 3 1.03864
28 29 193.283 0 3 1.03889
29 29 221.736 0 3 1.03889
2 29 155.011 0 3 1.03202
30 29 208.801 0 3 1.0392
31 29 195.624 0 3 1.03997
32 29 183.689 0 3 1.04027
33 29 140.907 0 3 1.03986
34 29 130.354 0 3 1.03932
35 29 207.222 0 3 1.03868
36 29 221.329 0 3 1.03795
37 29 139.565 0 3 1.0387
38 29 128.465 0 3 1.03995
39 29 207.478 0 3 1.03993
3 29 155.202 0 3 1.03412
40 29 164.77 0 3 1.03891
41 29 141.657 0 3 1.03813
42 29 166.104 0 3 1.03958
43 29 168.83 0 3 1.03978
44 29 144.163 0 3 1.03855
45 29 167.042 0 3 1.0391
46 29 151.647 0 3 1.0395
47 29 151.888 0 3 1.03871
48 29 152.53 0 3 1.03963
49 29 145.611 0 3 1.0388
4 29 155.096 0 3 1.03642
50 29 149.699 0 3 1.03944
5 29 154.564 0 3 1.03888
6 29 153.473 0 3 1.04146
7 29 151.711 0 3 1.04407
8 29 149.235 0 3 1.0466
9 29 146.126 0 3 1.0489
9 2 15733.5 0 3 2.58932
0 30 153.532 0 3 1.02734
10 30 143.192 0 3 1.04727
11 30 140.134 0 3 1.04843
12 30 137.738 0 3 1.04891
13 30 136.764 0 3 1.04862
14 30 138.109 0 3 1.04753
15 30 142.736 0 3 1.04575
16 30 151.408 0 3 1.04352
17 30 163.969 0 3 1.04116
18 30 178.359 0 3 1.03902
19 30 190.737 0 3 1.03737
1 30 153.954 0 3 1.02885
20 30 197.884 0 3 1.03623
21 30 198.716 0 3 1.03546
22 30 191.687 0 3 1.03485
23 30 176.44 0 3 1.03444
24 30 158.061 0 3 1.03444
25 30 138.575 0 3 1.03499
26 30 125.76 0 3 1.03582
27 30 143.514 0 3 1.03645
28 30 185.712 0 3 1.03666
29 30 210.96 0 3 1.03666
2 30 154.28 0 3 1.03053
30 30 199.493 0 3 1.03695
31 30 188.175 0 3 1.03763
32 30 177.611 0 3 1.0379
33 30 139.357 0 3 1.03753
34 30 130.313 0 3 1.03705
35 30 198.983 0 3 1.03648
36 30 211.633 0 3 1.03582
37 30 139.114 0 3 1.03649
38 30 129.295 0 3 1.03761
39 30 199.934 0 3 1.03759
3 30 154.436 0 3 1.03241
40 30 161.966 0 3 1.03668
41 30 141.643 0 3 1.03599
42 30 163.55 0 3 1.03728
43 30 166.062 0 3 1.03746
44 30 144.169 0 3 1.03636
45 30 164.647 0 3 1.03686
46 30 151.04 0 3 1.03721
47 30 151.351 0 3 1.03651
48 30 151.984 0 3 1.03733
49 30 145.826 0 3 1.03659
4 30 154.329 0 3 1.03446
50 30 149.501 0 3 1.03715
5 30 153.845 0 3 1.03666
6 30 152.867 0 3 1.03895
7 30 151.296 0 3 1.04128
8 30 149.089 0 3 1.04353
9 30 146.314 0 3 1.04558
0 3 713.377 0 3 1.24787
10 3 7733.06 0 3 2.3467
0 31 152.997 0 3 1.02636
10 31 143.704 0 3 1.04413
11 31 140.944 0 3 1.04516
12 31 138.756 0 3 1.0456
13 31 137.831 0 3 1.04533
14 31 138.985 0 3 1.04436
15 31 143.079 0 3 1.04278
16 31 150.771 0 3 1.04079
17 31 161.876 0 3 1.03869
18 31 174.558 0 3 1.03679
19 31 185.442 0 3 1.03531
11 3 10374.5 0 3 2.42735
1 31 153.363 0 3 1.0277
20 31 191.643 0 3 1.0343
21 31 192.108 0 3 1.03361
22 31 185.646 0 3 1.03307
23 31 172.091 0 3 1.0327
24 31 155.495 0 3 1.0327
25 31 137.663 0 3 1.03319
26 31 126.091 0 3 1.03393
27 31 141.844 0 3 1.03449
28 31 179.543 0 3 1.03468
29 31 201.968 0 3 1.03468
12 3 13909 0 3 2.43
2 31 153.643 0 3 1.02921
30 31 191.791 0 3 1.03494
31 31 182.037 0 3 1.03554
32 31 172.675 0 3 1.03578
33 31 138.465 0 3 1.03545
34 31 130.689 0 3 1.03502
35 31 192.049 0 3 1.03451
36 31 203.391 0 3 1.03393
37 31 139.007 0 3 1.03453
38 31 130.31 0 3 1.03552
39 31 193.473 0 3 1.03551
13 3 17491.2 0 3 2.35869
3 31 153.772 0 3 1.03088
40 31 159.692 0 3 1.0347
41 31 141.791 0 3 1.03408
42 31 161.419 0 3 1.03523
43 31 163.725 0 3 1.03539
44 31 144.275 0 3 1.03441
45 31 162.604 0 3 1.03485
46 31 150.561 0 3 1.03517
47 31 150.916 0 3 1.03455
48 31 151.528 0 3 1.03527
49 31 146.044 0 3 1.03462
14 3 19183.8 0 3 2.25093
4 31 153.666 0 3 1.03271
50 31 149.346 0 3 1.03512
15 3 17793.5 0 3 2.15774
5 31 153.227 0 3 1.03467
16 3 14893.7 0 3 2.04421
6 31 152.35 0 3 1.03672
17 3 14007.7 0 3 1.8769
7 31 150.948 0 3 1.03879
18 3 16701.9 0 3 1.71648
8 31 148.982 0 3 1.0408
19 3 20786.6 0 3 1.60398
9 31 146.503 0 3 1.04263
1 3 953.674 0 3 1.2959
20 3 22532.6 0 3 1.543
0 32 152.526 0 3 1.02548
10 32 144.179 0 3 1.04133
11 32 141.69 0 3 1.04226
12 32 139.699 0 3 1.04264
13 32 138.829 0 3 1.04241
14 32 139.821 0 3 1.04155
15 32 143.449 0 3 1.04013
16 32 150.277 0 3 1.03836
17 32 160.108 0 3 1.03648
18 32 171.302 0 3 1.03479
19 32 180.889 0 3 1.03347
21 3 28170.5 0 3 1.50312
1 32 152.846 0 3 1.02668
20 32 186.284 0 3 1.03257
21 32 186.479 0 3 1.03195
22 32 180.56 0 3 1.03147
23 32 168.501 0 3 1.03115
24 32 153.531 0 3 1.03115
25 32 137.26 0 3 1.03159
26 32 126.822 0 3 1.03225
27 32 140.813 0 3 1.03275
28 32 174.499 0 3 1.03291
29 32 194.434 0 3 1.03291
22 3 33153.2 0 3 1.46747
2 32 153.087 0 3 1.02803
30 32 185.393 0 3 1.03314
31 32 176.96 0 3 1.03368
32 32 168.654 0 3 1.03389
33 32 138.058 0 3 1.0336
34 32 131.351 0 3 1.03322
35 32 186.191 0 3 1.03276
36 32 196.358 0 3 1.03224
37 32 139.144 0 3 1.03278
38 32 131.432 0 3 1.03367
39 32 187.919 0 3 1.03365
23 3 33054.5 0 3 1.45045
3 32 153.193 0 3 1.02952
40 32 157.843 0 3 1.03293
41 32 142.048 0 3 1.03237
42 32 159.633 0 3 1.03341
43 32 161.744 0 3 1.03355
44 32 144.449 0 3 1.03267
45 32 160.856 0 3 1.03307
46 32 150.184 0 3 1.03335
47 32 150.562 0 3 1.03279
48 32 151.146 0 3 1.03344
49 32 146.259 0 3 1.03286
24 3 35329.9 0 3 1.46431
4 32 153.09 0 3 1.03115
50 32 149.225 0 3 1.0333
25 3 42277.4 0 3 1.50165
5 32 152.692 0 3 1.0329
26 3 46316.4 0 3 1.5396
6 32 151.907 0 3 1.03473
27 3 48392 0 3 1.5674
7 32 150.656 0 3 1.03658
28 3 48531.6 0 3 1.58901
8 32 148.902 0 3 1.03837
29 3 51529.4 0 3 1.59686
9 32 146.688 0 3 1.03999
2 3 1304.55 0 3 1.35466
30 3 48134.9 0 3 1.60262
0 33 152.112 0 3 1.02469
10 33 144.618 0 3 1.03884
11 33 142.376 0 3 1.03967
12 33 140.567 0 3 1.04001
13 33 139.755 0 3 1.03981
14 33 140.612 0 3 1.03904
15 33 143.829 0 3 1.03778
16 33 149.895 0 3 1.03619
17 33 158.609 0 3 1.03452
18 33 168.503 0 3 1.03301
19 33 176.963 0 3 1.03184
31 3 36775.7 0 3 1.62811
1 33 152.391 0 3 1.02576
20 33 181.667 0 3 1.03103
21 33 181.665 0 3 1.03048
22 33 176.261 0 3 1.03005
23 33 165.527 0 3 1.02976
24 33 152.035 0 3 1.02976
25 33 137.224 0 3 1.03015
26 33 127.818 0 3 1.03074
27 33 140.254 0 3 1.03119
28 33 170.36 0 3 1.03134
29 33 188.096 0 3 1.03133
32 3 35943.3 0 3 1.64091
2 33 152.6 0 3 1.02697
30 33 180.057 0 3 1.03154
31 33 172.745 0 3 1.03202
32 33 165.37 0 3 1.03221
33 33 138.002 0 3 1.03195
34 33 132.199 0 3 1.03161
35 33 181.222 0 3 1.0312
36 33 190.335 0 3 1.03074
37 33 139.451 0 3 1.03121
38 33 132.605 0 3 1.03201
39 33 183.128 0 3 1.03199
33 3 35533 0 3 1.61981
3 33 152.688 0 3 1.0283
40 33 156.334 0 3 1.03135
41 33 142.378 0 3 1.03085
42 33 158.131 0 3 1.03177
43 33 160.057 0 3 1.0319
44 33 144.668 0 3 1.03112
45 33 159.353 0 3 1.03147
46 33 149.887 0 3 1.03172
47 33 150.273 0 3 1.03123
48 33 150.824 0 3 1.03181
49 33 146.468 0 3 1.03128
34 3 30170.4 0 3 1.59339
4 33 152.59 0 3 1.02976
50 33 149.131 0 3 1.03168
35 3 31183.6 0 3 1.58067
5 33 152.229 0 3 1.03132
36 3 31111.3 0 3 1.56393
6 33 151.526 0 3 1.03295
37 3 20047.7 0 3 1.58726
7 33 150.409 0 3 1.0346
38 3 17920.3 0 3 1.63593
8 33 148.844 0 3 1.0362
39 3 19898 0 3 1.62464
9 33 146.867 0 3 1.03765
3 3 1804.45 0 3 1.42657
40 3 15714.3 0 3 1.58839
0 34 151.747 0 3 1.02399
10 34 145.021 0 3 1.03663
11 34 143.003 0 3 1.03736
12 34 141.363 0 3 1.03767
13 34 140.61 0 3 1.03748
14 34 141.352 0 3 1.0368
15 34 144.208 0 3 1.03567
16 34 149.602 0 3 1.03426
17 34 157.332 0 3 1.03277
18 34 166.089 0 3 1.03142
19 34 173.565 0 3 1.03037
41 3 10923.4 0 3 1.56668
1 34 151.991 0 3 1.02495
20 34 177.677 0 3 1.02965
21 34 177.535 0 3 1.02916
22 34 172.614 0 3 1.02878
23 34 163.053 0 3 1.02852
24 34 150.903 0 3 1.02852
25 34 137.45 0 3 1.02887
26 34 128.979 0 3 1.02939
27 34 140.041 0 3 1.02979
28 34 166.954 0 3 1.02993
29 34 182.743 0 3 1.02992
42 3 9745.62 0 3 1.61764
2 34 152.172 0 3 1.02602
30 34 175.591 0 3 1.03011
31 34 169.232 0 3 1.03054
32 34 162.678 0 3 1.03071
33 34 138.195 0 3 1.03048
34 34 133.161 0 3 1.03017
35 34 176.991 0 3 1.02981
36 34 185.158 0 3 1.02939
37 34 139.871 0 3 1.02982
38 34 133.789 0 3 1.03052
39 34 178.983 0 3 1.03051
43 3 9117.16 0 3 1.62278
3 34 152.245 0 3 1.02722
40 34 155.1 0 3 1.02994
41 34 142.752 0 3 1.0295
42 34 156.863 0 3 1.03032
43 34 158.616 0 3 1.03043
44 34 144.913 0 3 1.02973
45 34 158.059 0 3 1.03005
46 34 149.653 0 3 1.03027
47 34 150.036 0 3 1.02983
48 34 150.553 0 3 1.03035
49 34 146.667 0 3 1.02988
44 3 6430.78 0 3 1.57481
4 34 152.153 0 3 1.02852
50 34 149.058 0 3 1.03024
45 3 6200.93 0 3 1.59287
5 34 151.827 0 3 1.02991
46 3 4369.01 0 3 1.6079
6 34 151.197 0 3 1.03137
47 3 2847.91 0 3 1.57541
7 34 150.2 0 3 1.03284
48 3 2161.91 0 3 1.61008
8 34 148.803 0 3 1.03427
49 3 1699.29 0 3 1.57713
9 34 147.036 0 3 1.03556
4 3 2474.73 0 3 1.51431
50 3 1440.44 0 3 1.60231
0 35 151.424 0 3 1.02336
10 35 145.39 0 3 1.03465
11 35 143.575 0 3 1.0353
12 35 142.09 0 3 1.03558
13 35 141.395 0 3 1.03541
14 35 142.04 0 3 1.0348
15 35 144.578 0 3 1.0338
16 35 149.376 0 3 1.03254
17 35 156.241 0 3 1.03121
18 35 164.001 0 3 1.03
19 35 170.615 0 3 1.02907
1 35 151.639 0 3 1.02422
20 35 174.217 0 3 1.02842
21 35 173.98 0 3 1.02799
22 35 169.507 0 3 1.02764
23 35 160.988 0 3 1.02741
24 35 150.053 0 3 1.02742
25 35 137.854 0 3 1.02773
26 35 130.232 0 3 1.02819
27 35 140.079 0 3 1.02855
28 35 164.141 0 3 1.02867
29 35 178.205 0 3 1.02867
2 35 151.796 0 3 1.02518
30 35 171.837 0 3 1.02883
31 35 166.294 0 3 1.02921
32 35 160.464 0 3 1.02937
33 35 138.56 0 3 1.02916
34 35 134.181 0 3 1.02889
35 35 173.375 0 3 1.02856
36 35 180.693 0 3 1.02819
37 35 140.362 0 3 1.02857
38 35 134.954 0 3 1.0292
39 35 175.386 0 3 1.02919
3 35 151.857 0 3 1.02625
40 35 154.087 0 3 1.02868
41 35 143.148 0 3 1.02828
42 35 155.787 0 3 1.02902
43 35 157.38 0 3 1.02912
44 35 145.172 0 3 1.0285
45 35 156.939 0 3 1.02878
46 35 149.469 0 3 1.02898
47 35 149.842 0 3 1.02858
48 35 150.323 0 3 1.02904
49 35 146.856 0 3 1.02863
4 35 151.771 0 3 1.02741
50 35 149.001 0 3 1.02895
5 35 151.477 0 3 1.02865
6 35 150.913 0 3 1.02996
7 35 150.022 0 3 1.03127
8 35 148.775 0 3 1.03254
9 35 147.195 0 3 1.0337
5 3 3268.23 0 3 1.62049
0 36 151.139 0 3 1.0228
10 36 145.727 0 3 1.03288
11 36 144.095 0 3 1.03347
12 36 142.753 0 3 1.03371
13 36 142.114 0 3 1.03357
14 36 142.675 0 3 1.03302
15 36 144.932 0 3 1.03213
16 36 149.204 0 3 1.031
17 36 155.305 0 3 1.02981
18 36 162.188 0 3 1.02873
19 36 168.049 0 3 1.0279
1 36 151.328 0 3 1.02357
20 36 171.21 0 3 1.02733
21 36 170.909 0 3 1.02693
22 36 166.852 0 3 1.02663
23 36 159.257 0 3 1.02642
24 36 149.422 0 3 1.02643
25 36 138.377 0 3 1.0267
26 36 131.523 0 3 1.02712
27 36 140.293 0 3 1.02744
28 36 161.809 0 3 1.02754
29 36 174.345 0 3 1.02754
2 36 151.465 0 3 1.02443
30 36 168.671 0 3 1.02769
31 36 163.827 0 3 1.02803
32 36 158.639 0 3 1.02817
33 36 139.04 0 3 1.02798
34 36 135.222 0 3 1.02774
35 36 170.274 0 3 1.02745
36 36 176.832 0 3 1.02711
37 36 140.892 0 3 1.02746
38 36 136.081 0 3 1.02802
39 36 172.255 0 3 1.02801
3 36 151.516 0 3 1.02538
40 36 153.253 0 3 1.02755
41 36 143.552 0 3 1.0272
42 36 154.873 0 3 1.02786
43 36 156.317 0 3 1.02795
44 36 145.434 0 3 1.02739
45 36 155.968 0 3 1.02764
46 36 149.325 0 3 1.02782
47 36 149.682 0 3 1.02747
48 36 150.128 0 3 1.02788
49 36 147.033 0 3 1.02751
4 36 151.436 0 3 1.02642
50 36 148.957 0 3 1.02779
5 36 151.171 0 3 1.02753
6 36 150.665 0 3 1.02869
7 36 149.869 0 3 1.02987
8 36 148.756 0 3 1.031
9 36 147.344 0 3 1.03203
6 3 4017.45 0 3 1.74681
0 37 150.887 0 3 1.0223
10 37 146.033 0 3 1.03131
11 37 144.567 0 3 1.03183
12 37 143.355 0 3 1.03205
13 37 142.77 0 3 1.03192
14 37 143.26 0 3 1.03143
15 37 145.268 0 3 1.03063
16 37 149.074 0 3 1.02963
17 37 154.5 0 3 1.02856
18 37 160.612 0 3 1.0276
19 37 165.809 0 3 1.02686
1 37 151.053 0 3 1.02298
20 37 168.589 0 3 1.02635
21 37 168.248 0 3 1.02599
22 37 164.575 0 3 1.02572
23 37 157.8 0 3 1.02554
24 37 148.959 0 3 1.02554
25 37 138.973 0 3 1.02579
26 37 132.812 0 3 1.02616
27 37 140.628 0 3 1.02645
28 37 159.87 0 3 1.02654
29 37 171.048 0 3 1.02654
2 37 151.173 0 3 1.02375
30 37 165.991 0 3 1.02667
31 37 161.749 0 3 1.02698
32 37 157.128 0 3 1.0271
33 37 139.591 0 3 1.02693
34 37 136.253 0 3 1.02671
35 37 167.606 0 3 1.02645
36 37 173.482 0 3 1.02616
37 37 141.44 0 3 1.02646
38 37 137.156 0 3 1.02697
39 37 169.524 0 3 1.02696
3 37 151.216 0 3 1.0246
40 37 152.564 0 3 1.02655
41 37 143.953 0 3 1.02623
42 37 154.092 0 3 1.02682
43 37 155.399 0 3 1.0269
44 37 145.694 0 3 1.0264
45 37 155.124 0 3 1.02663
46 37 149.211 0 3 1.02679
47 37 149.55 0 3 1.02647
48 37 149.961 0 3 1.02684
49 37 147.197 0 3 1.02651
4 37 151.141 0 3 1.02553
50 37 148.923 0 3 1.02676
5 37 150.903 0 3 1.02653
6 37 150.45 0 3 1.02756
7 37 149.739 0 3 1.02861
8 37 148.744 0 3 1.02963
9 37 147.482 0 3 1.03055
7 3 4540.87 0 3 1.89247
0 38 150.663 0 3 1.02185
10 38 146.311 0 3 1.0299
11 38 144.994 0 3 1.03037
12 38 143.901 0 3 1.03056
13 38 143.368 0 3 1.03045
14 38 143.796 0 3 1.03001
15 38 145.584 0 3 1.0293
16 38 148.976 0 3 1.0284
17 38 153.805 0 3 1.02745
18 38 159.237 0 3 1.02659
19 38 163.851 0 3 1.02593
1 38 150.81 0 3 1.02246
20 38 166.299 0 3 1.02547
21 38 165.938 0 3 1.02515
22 38 162.616 0 3 1.02491
23 38 156.571 0 3 1.02475
24 38 148.627 0 3 1.02475
25 38 139.608 0 3 1.02497
26 38 134.072 0 3 1.0253
27 38 141.041 0 3 1.02556
28 38 158.252 0 3 1.02564
29 38 168.224 0 3 1.02564
2 38 150.915 0 3 1.02315
30 38 163.714 0 3 1.02576
31 38 159.991 0 3 1.02603
32 38 155.874 0 3 1.02614
33 38 140.18 0 3 1.02599
34 38 137.257 0 3 1.0258
35 38 165.304 0 3 1.02556
36 38 170.568 0 3 1.0253
37 38 141.988 0 3 1.02557
38 38 138.171 0 3 1.02602
39 38 167.136 0 3 1.02602
3 38 150.951 0 3 1.02391
40 38 151.993 0 3 1.02565
41 38 144.342 0 3 1.02537
42 38 153.423 0 3 1.02589
43 38 154.605 0 3 1.02596
44 38 145.946 0 3 1.02552
45 38 154.387 0 3 1.02572
46 38 149.122 0 3 1.02586
47 38 149.441 0 3 1.02558
48 38 149.818 0 3 1.02591
49 38 147.349 0 3 1.02561
4 38 150.882 0 3 1.02474
50 38 148.897 0 3 1.02584
5 38 150.668 0 3 1.02563
6 38 150.262 0 3 1.02656
7 38 149.627 0 3 1.02749
8 38 148.738 0 3 1.0284
9 38 147.609 0 3 1.02922
8 3 5003.7 0 3 2.05182
0 39 150.464 0 3 1.02145
10 39 146.563 0 3 1.02864
11 39 145.381 0 3 1.02906
12 39 144.396 0 3 1.02924
13 39 143.91 0 3 1.02913
14 39 144.285 0 3 1.02875
15 39 145.878 0 3 1.02811
16 39 148.903 0 3 1.0273
17 39 153.203 0 3 1.02645
18 39 158.034 0 3 1.02569
19 39 162.134 0 3 1.02509
1 39 150.594 0 3 1.02199
20 39 164.293 0 3 1.02468
21 39 163.925 0 3 1.0244
22 39 160.925 0 3 1.02419
23 39 155.529 0 3 1.02404
24 39 148.394 0 3 1.02404
25 39 140.257 0 3 1.02424
26 39 135.285 0 3 1.02454
27 39 141.501 0 3 1.02476
28 39 156.897 0 3 1.02484
29 39 165.797 0 3 1.02484
2 39 150.687 0 3 1.02261
30 39 161.773 0 3 1.02494
31 39 158.5 0 3 1.02519
32 39 154.829 0 3 1.02528
33 39 140.785 0 3 1.02515
34 39 138.219 0 3 1.02498
35 39 163.311 0 3 1.02477
36 39 168.026 0 3 1.02453
37 39 142.524 0 3 1.02478
38 39 139.121 0 3 1.02518
39 39 165.043 0 3 1.02517
3 39 150.717 0 3 1.02329
40 39 151.519 0 3 1.02485
41 39 144.715 0 3 1.02459
42 39 152.848 0 3 1.02506
43 39 153.916 0 3 1.02513
44 39 146.187 0 3 1.02473
45 39 153.744 0 3 1.02491
46 39 149.052 0 3 1.02504
47 39 149.35 0 3 1.02478
48 39 149.695 0 3 1.02508
49 39 147.489 0 3 1.02481
4 39 150.654 0 3 1.02403
50 39 148.877 0 3 1.02502
5 39 150.461 0 3 1.02483
6 39 150.098 0 3 1.02566
7 39 149.53 0 3 1.02649
8 39 148.735 0 3 1.0273
9 39 147.726 0 3 1.02804
9 3 5958.83 0 3 2.21121
0 40 150.288 0 3 1.02109
10 40 146.791 0 3 1.02752
11 40 145.73 0 3 1.0279
12 40 144.843 0 3 1.02805
13 40 144.401 0 3 1.02796
14 40 144.731 0 3 1.02761
15 40 146.151 0 3 1.02704
16 40 148.849 0 3 1.02632
17 40 152.681 0 3 1.02557
18 40 156.981 0 3 1.02488
19 40 160.626 0 3 1.02435
1 40 150.403 0 3 1.02158
20 40 162.534 0 3 1.02398
21 40 162.169 0 3 1.02373
22 40 159.462 0 3 1.02354
23 40 154.644 0 3 1.02341
24 40 148.237 0 3 1.02341
25 40 140.902 0 3 1.02358
26 40 136.438 0 3 1.02385
27 40 141.985 0 3 1.02405
28 40 155.759 0 3 1.02412
29 40 163.704 0 3 1.02412
2 40 150.484 0 3 1.02213
30 40 160.113 0 3 1.02421
31 40 157.23 0 3 1.02443
32 40 153.956 0 3 1.02452
33 40 141.386 0 3 1.0244
34 40 139.13 0 3 1.02425
35 40 161.581 0 3 1.02406
36 40 165.805 0 3 1.02385
37 40 143.04 0 3 1.02407
38 40 140.006 0 3 1.02443
39 40 163.205 0 3 1.02442
3 40 150.51 0 3 1.02274
40 40 151.123 0 3 1.02413
41 40 145.069 0 3 1.0239
42 40 152.352 0 3 1.02432
43 40 153.316 0 3 1.02438
44 40 146.415 0 3 1.02402
45 40 153.181 0 3 1.02418
46 40 148.998 0 3 1.0243
47 40 149.274 0 3 1.02407
48 40 149.589 0 3 1.02434
49 40 147.618 0 3 1.0241
4 40 150.453 0 3 1.0234
50 40 148.862 0 3 1.02428
5 40 150.279 0 3 1.02411
6 40 149.954 0 3 1.02485
7 40 149.446 0 3 1.0256
8 40 148.735 0 3 1.02632
9 40 147.833 0 3 1.02698
0 4 559.587 0 3 1.21825
10 4 3582.48 0 3 2.05516
0 41 150.131 0 3 1.02076
10 41 146.998 0 3 1.02652
11 41 146.045 0 3 1.02685
12 41 145.247 0 3 1.02699
13 41 144.846 0 3 1.02691
14 41 145.137 0 3 1.0266
15 41 146.403 0 3 1.02609
16 41 148.811 0 3 1.02545
17 41 152.227 0 3 1.02477
18 41 156.056 0 3 1.02416
19 41 159.3 0 3 1.02368
11 4 4802.52 0 3 2.11351
1 41 150.233 0 3 1.0212
20 41 160.987 0 3 1.02336
21 41 160.631 0 3 1.02313
22 41 158.191 0 3 1.02296
23 41 153.888 0 3 1.02284
24 41 148.137 0 3 1.02284
25 41 141.53 0 3 1.023
26 41 137.524 0 3 1.02324
27 41 142.476 0 3 1.02342
28 41 154.799 0 3 1.02348
29 41 161.895 0 3 1.02348
12 4 6466.32 0 3 2.12066
2 41 150.305 0 3 1.0217
30 41 158.688 0 3 1.02356
31 41 156.145 0 3 1.02376
32 41 153.223 0 3 1.02383
33 41 141.973 0 3 1.02373
34 41 139.987 0 3 1.02359
35 41 160.076 0 3 1.02342
36 41 163.859 0 3 1.02323
37 41 143.532 0 3 1.02343
38 41 140.824 0 3 1.02375
39 41 161.588 0 3 1.02375
13 4 8195.14 0 3 2.0781
3 41 150.327 0 3 1.02224
40 41 150.792 0 3 1.02348
41 41 145.402 0 3 1.02328
42 41 151.924 0 3 1.02366
43 41 152.793 0 3 1.02371
44 41 146.629 0 3 1.02339
45 41 152.687 0 3 1.02353
46 41 148.956 0 3 1.02364
47 41 149.211 0 3 1.02344
48 41 149.497 0 3 1.02367
49 41 147.736 0 3 1.02346
14 4 9158.45 0 3 2.00567
4 41 150.274 0 3 1.02283
50 41 148.851 0 3 1.02362
15 4 8795.76 0 3 1.92755
5 41 150.118 0 3 1.02347
16 4 7791.95 0 3 1.83438
6 41 149.827 0 3 1.02413
17 4 7863.05 0 3 1.71416
7 41 149.373 0 3 1.0248
18 4 9966.09 0 3 1.59729
8 41 148.738 0 3 1.02545
19 4 12665.7 0 3 1.51293
9 41 147.93 0 3 1.02604
1 4 712.914 0 3 1.25873
20 4 13986 0 3 1.46572
0 42 149.992 0 3 1.02048
10 42 147.184 0 3 1.02562
11 42 146.329 0 3 1.02592
12 42 145.611 0 3 1.02605
13 42 145.249 0 3 1.02597
14 42 145.504 0 3 1.0257
15 42 146.634 0 3 1.02524
16 42 148.784 0 3 1.02467
17 42 151.83 0 3 1.02406
18 42 155.243 0 3 1.02351
19 42 158.131 0 3 1.02309
21 4 17519.2 0 3 1.43499
1 42 150.082 0 3 1.02087
20 42 159.625 0 3 1.02279
21 42 159.284 0 3 1.02259
22 42 157.086 0 3 1.02244
23 42 153.241 0 3 1.02233
24 42 148.08 0 3 1.02234
25 42 142.133 0 3 1.02248
26 42 138.538 0 3 1.02269
27 42 142.96 0 3 1.02285
28 42 153.987 0 3 1.02291
29 42 160.326 0 3 1.0229
22 4 20579.6 0 3 1.40714
2 42 150.145 0 3 1.02131
30 42 157.461 0 3 1.02298
31 42 155.215 0 3 1.02316
32 42 152.607 0 3 1.02322
33 42 142.538 0 3 1.02313
34 42 140.785 0 3 1.02301
35 42 158.763 0 3 1.02286
36 42 162.152 0 3 1.02269
37 42 143.995 0 3 1.02286
38 42 141.578 0 3 1.02315
39 42 160.163 0 3 1.02314
23 4 20359.8 0 3 1.39216
3 42 150.164 0 3 1.0218
40 42 150.514 0 3 1.02291
41 42 145.712 0 3 1.02273
42 42 151.553 0 3 1.02307
43 42 152.335 0 3 1.02311
44 42 146.829 0 3 1.02283
45 42 152.252 0 3 1.02296
46 42 148.923 0 3 1.02305
47 42 149.158 0 3 1.02287
48 42 149.418 0 3 1.02308
49 42 147.843 0 3 1.02289
24 4 21652.9 0 3 1.40112
4 42 150.117 0 3 1.02233
50 42 148.842 0 3 1.02303
25 4 25852.1 0 3 1.42973
5 42 149.976 0 3 1.0229
26 4 28014.8 0 3 1.46034
6 42 149.716 0 3 1.02349
27 4 29355.7 0 3 1.48262
7 42 149.309 0 3 1.02409
28 4 29732.4 0 3 1.49891
8 42 148.741 0 3 1.02467
29 4 31801.9 0 3 1.5041
9 42 148.019 0 3 1.02519
2 4 923.494 0 3 1.30764
30 4 29869.6 0 3 1.5082
0 43 149.868 0 3 1.02022
10 43 147.352 0 3 1.02482
11 43 146.585 0 3 1.02509
12 43 145.94 0 3 1.0252
13 43 145.612 0 3 1.02514
14 43 145.838 0 3 1.02489
15 43 146.846 0 3 1.02448
16 43 148.766 0 3 1.02397
17 43 151.484 0 3 1.02342
18 43 154.526 0 3 1.02294
19 43 157.099 0 3 1.02255
31 4 23365 0 3 1.53001
1 43 149.948 0 3 1.02057
20 43 158.424 0 3 1.02229
21 43 158.1 0 3 1.02211
22 43 156.122 0 3 1.02198
23 43 152.686 0 3 1.02188
24 43 148.056 0 3 1.02188
25 43 142.706 0 3 1.02201
26 43 139.481 0 3 1.0222
27 43 143.43 0 3 1.02234
28 43 153.298 0 3 1.02239
29 43 158.961 0 3 1.02239
32 4 22751.2 0 3 1.54206
2 43 150.004 0 3 1.02096
30 43 156.403 0 3 1.02246
31 43 154.416 0 3 1.02262
32 43 152.087 0 3 1.02268
33 43 143.074 0 3 1.02259
34 43 141.526 0 3 1.02248
35 43 157.614 0 3 1.02235
36 43 160.65 0 3 1.0222
37 43 144.427 0 3 1.02235
38 43 142.27 0 3 1.02261
39 43 158.905 0 3 1.02261
33 4 22274.3 0 3 1.52562
3 43 150.02 0 3 1.0214
40 43 150.279 0 3 1.0224
41 43 145.999 0 3 1.02223
42 43 151.23 0 3 1.02253
43 43 151.934 0 3 1.02258
44 43 147.014 0 3 1.02232
45 43 151.869 0 3 1.02244
46 43 148.898 0 3 1.02252
47 43 149.113 0 3 1.02236
48 43 149.349 0 3 1.02255
49 43 147.941 0 3 1.02238
34 4 18853.5 0 3 1.50476
4 43 149.977 0 3 1.02188
50 43 148.836 0 3 1.02251
35 4 20067.3 0 3 1.49237
5 43 149.851 0 3 1.02238
36 4 20037.6 0 3 1.47767
6 43 149.617 0 3 1.02291
37 4 12712.5 0 3 1.49641
7 43 149.254 0 3 1.02345
38 4 11406.4 0 3 1.53673
8 43 148.746 0 3 1.02397
39 4 13066.8 0 3 1.52938
9 43 148.1 0 3 1.02444
3 4 1202.05 0 3 1.36661
40 4 10238.9 0 3 1.49909
0 44 149.758 0 3 1.01999
10 44 147.503 0 3 1.02411
11 44 146.816 0 3 1.02435
12 44 146.236 0 3 1.02445
13 44 145.939 0 3 1.02439
14 44 146.139 0 3 1.02417
15 44 147.039 0 3 1.0238
16 44 148.754 0 3 1.02334
17 44 151.18 0 3 1.02286
18 44 153.893 0 3 1.02242
19 44 156.188 0 3 1.02208
41 4 7004.65 0 3 1.48056
1 44 149.829 0 3 1.0203
20 44 157.363 0 3 1.02184
21 44 157.058 0 3 1.02168
22 44 155.278 0 3 1.02156
23 44 152.208 0 3 1.02148
24 44 148.055 0 3 1.02148
25 44 143.244 0 3 1.02159
26 44 140.351 0 3 1.02176
27 44 143.88 0 3 1.02189
28 44 152.711 0 3 1.02193
29 44 157.772 0 3 1.02193
42 4 6482.19 0 3 1.52229
2 44 149.878 0 3 1.02065
30 44 155.486 0 3 1.02199
31 44 153.726 0 3 1.02213
32 44 151.647 0 3 1.02219
33 44 143.579 0 3 1.02211
34 44 142.209 0 3 1.02201
35 44 156.608 0 3 1.02189
36 44 159.327 0 3 1.02176
37 44 144.83 0 3 1.0219
38 44 142.903 0 3 1.02213
39 44 157.794 0 3 1.02212
43 4 6059.21 0 3 1.52723
3 44 149.892 0 3 1.02105
40 44 150.082 0 3 1.02194
41 44 146.264 0 3 1.02179
42 44 150.948 0 3 1.02206
43 44 151.582 0 3 1.0221
44 44 147.185 0 3 1.02187
45 44 151.532 0 3 1.02197
46 44 148.879 0 3 1.02205
47 44 149.075 0 3 1.0219
48 44 149.288 0 3 1.02207
49 44 148.029 0 3 1.02192
44 4 4215.38 0 3 1.48818
4 44 149.853 0 3 1.02147
50 44 148.832 0 3 1.02203
45 4 4216 0 3 1.50314
5 44 149.74 0 3 1.02193
46 4 2895.45 0 3 1.51547
6 44 149.531 0 3 1.0224
47 4 1940.85 0 3 1.48948
7 44 149.205 0 3 1.02288
48 4 1492.48 0 3 1.51772
8 44 148.751 0 3 1.02334
49 4 1153.52 0 3 1.49114
9 44 148.173 0 3 1.02376
4 4 1543.84 0 3 1.43731
50 4 1012 0 3 1.51141
0 45 149.659 0 3 1.01978
10 45 147.639 0 3 1.02347
11 45 147.023 0 3 1.02368
12 45 146.502 0 3 1.02377
13 45 146.235 0 3 1.02372
14 45 146.411 0 3 1.02352
15 45 147.215 0 3 1.02319
16 45 148.747 0 3 1.02278
17 45 150.914 0 3 1.02235
18 45 153.335 0 3 1.02196
19 45 155.381 0 3 1.02165
1 45 149.722 0 3 1.02006
20 45 156.424 0 3 1.02144
21 45 156.14 0 3 1.0213
22 45 154.54 0 3 1.02119
23 45 151.795 0 3 1.02111
24 45 148.07 0 3 1.02111
25 45 143.747 0 3 1.02122
26 45 141.153 0 3 1.02137
27 45 144.306 0 3 1.02148
28 45 152.209 0 3 1.02152
29 45 156.734 0 3 1.02152
2 45 149.766 0 3 1.02038
30 45 154.69 0 3 1.02158
31 45 153.13 0 3 1.0217
32 45 151.272 0 3 1.02175
33 45 144.05 0 3 1.02168
34 45 142.838 0 3 1.02159
35 45 155.725 0 3 1.02149
36 45 158.16 0 3 1.02136
37 45 145.202 0 3 1.02149
38 45 143.481 0 3 1.0217
39 45 156.81 0 3 1.02169
3 45 149.778 0 3 1.02073
40 45 149.914 0 3 1.02153
41 45 146.508 0 3 1.0214
42 45 150.703 0 3 1.02164
43 45 151.273 0 3 1.02167
44 45 147.341 0 3 1.02147
45 45 151.233 0 3 1.02156
46 45 148.864 0 3 1.02162
47 45 149.043 0 3 1.02149
48 45 149.236 0 3 1.02164
49 45 148.11 0 3 1.02151
4 45 149.742 0 3 1.02111
50 45 148.829 0 3 1.02161
5 45 149.641 0 3 1.02152
6 45 149.454 0 3 1.02194
7 45 149.163 0 3 1.02237
8 45 148.757 0 3 1.02278
9 45 148.239 0 3 1.02316
5 4 1908.3 0 3 1.52116
0 46 149.571 0 3 1.0196
10 46 147.762 0 3 1.02289
11 46 147.209 0 3 1.02309
12 46 146.742 0 3 1.02317
13 46 146.501 0 3 1.02312
14 46 146.657 0 3 1.02294
15 46 147.375 0 3 1.02265
16 46 148.744 0 3 1.02228
17 46 150.679 0 3 1.02189
18 46 152.84 0 3 1.02154
19 46 154.666 0 3 1.02127
1 46 149.628 0 3 1.01985
20 46 155.593 0 3 1.02108
21 46 155.329 0 3 1.02096
22 46 153.891 0 3 1.02086
23 46 151.437 0 3 1.02079
24 46 148.097 0 3 1.02079
25 46 144.213 0 3 1.02088
26 46 141.887 0 3 1.02102
27 46 144.706 0 3 1.02112
28 46 151.779 0 3 1.02115
29 46 155.825 0 3 1.02115
2 46 149.666 0 3 1.02013
30 46 153.998 0 3 1.0212
31 46 152.613 0 3 1.02131
32 46 150.953 0 3 1.02136
33 46 144.488 0 3 1.0213
34 46 143.413 0 3 1.02122
35 46 154.948 0 3 1.02112
36 46 157.129 0 3 1.02101
37 46 145.544 0 3 1.02113
38 46 144.007 0 3 1.02131
39 46 155.939 0 3 1.02131
3 46 149.677 0 3 1.02044
40 46 149.771 0 3 1.02116
41 46 146.731 0 3 1.02104
42 46 150.488 0 3 1.02126
43 46 151 0 3 1.02129
44 46 147.485 0 3 1.0211
45 46 150.97 0 3 1.02119
46 46 148.853 0 3 1.02124
47 46 149.015 0 3 1.02113
48 46 149.19 0 3 1.02126
49 46 148.183 0 3 1.02114
4 46 149.645 0 3 1.02078
50 46 148.827 0 3 1.02124
5 46 149.554 0 3 1.02115
6 46 149.386 0 3 1.02153
7 46 149.126 0 3 1.02191
8 46 148.762 0 3 1.02228
9 46 148.299 0 3 1.02262
6 4 2210.91 0 3 1.61864
0 47 149.493 0 3 1.01943
10 47 147.872 0 3 1.02238
11 47 147.377 0 3 1.02255
12 47 146.957 0 3 1.02263
13 47 146.74 0 3 1.02258
14 47 146.879 0 3 1.02242
15 47 147.52 0 3 1.02216
16 47 148.744 0 3 1.02183
17 47 150.473 0 3 1.02149
18 47 152.402 0 3 1.02117
19 47 154.031 0 3 1.02093
1 47 149.543 0 3 1.01966
20 47 154.857 0 3 1.02076
21 47 154.613 0 3 1.02065
22 47 153.321 0 3 1.02056
23 47 151.126 0 3 1.0205
24 47 148.132 0 3 1.0205
25 47 144.644 0 3 1.02058
26 47 142.559 0 3 1.0207
27 47 145.079 0 3 1.0208
28 47 151.41 0 3 1.02083
29 47 155.027 0 3 1.02082
2 47 149.578 0 3 1.01991
30 47 153.394 0 3 1.02087
31 47 152.164 0 3 1.02097
32 47 150.68 0 3 1.02101
33 47 144.892 0 3 1.02095
34 47 143.939 0 3 1.02088
35 47 154.264 0 3 1.0208
36 47 156.217 0 3 1.0207
37 47 145.858 0 3 1.0208
38 47 144.484 0 3 1.02096
39 47 155.166 0 3 1.02096
3 47 149.586 0 3 1.02019
40 47 149.649 0 3 1.02083
41 47 146.935 0 3 1.02072
42 47 150.299 0 3 1.02092
43 47 150.759 0 3 1.02094
44 47 147.616 0 3 1.02078
45 47 150.736 0 3 1.02085
46 47 148.844 0 3 1.02091
47 47 148.992 0 3 1.0208
48 47 149.15 0 3 1.02092
49 47 148.249 0 3 1.02081
4 47 149.557 0 3 1.02049
50 47 148.826 0 3 1.0209
5 47 149.476 0 3 1.02082
6 47 149.326 0 3 1.02116
7 47 149.093 0 3 1.0215
8 47 148.768 0 3 1.02183
9 47 148.353 0 3 1.02213
7 4 2382.67 0 3 1.72831
0 48 149.423 0 3 1.01928
10 48 147.971 0 3 1.02192
11 48 147.527 0 3 1.02208
12 48 147.151 0 3 1.02214
13 48 146.955 0 3 1.0221
14 48 147.078 0 3 1.02196
15 48 147.652 0 3 1.02173
16 48 148.746 0 3 1.02143
17 48 150.29 0 3 1.02112
18 48 152.014 0 3 1.02084
19 48 153.469 0 3 1.02062
1 48 149.468 0 3 1.01948
20 48 154.203 0 3 1.02047
21 48 153.979 0 3 1.02037
22 48 152.818 0 3 1.02029
23 48 150.856 0 3 1.02024
24 48 148.172 0 3 1.02024
25 48 145.04 0 3 1.02031
26 48 143.171 0 3 1.02042
27 48 145.425 0 3 1.0205
28 48 151.091 0 3 1.02053
29 48 154.326 0 3 1.02053
2 48 149.498 0 3 1.01971
30 48 152.866 0 3 1.02057
31 48 151.773 0 3 1.02066
32 48 150.446 0 3 1.02069
33 48 145.264 0 3 1.02065
34 48 144.417 0 3 1.02058
35 48 153.66 0 3 1.02051
36 48 155.409 0 3 1.02042
37 48 146.146 0 3 1.02051
38 48 144.917 0 3 1.02066
39 48 154.48 0 3 1.02065
3 48 149.506 0 3 1.01996
40 48 149.545 0 3 1.02053
41 48 147.121 0 3 1.02044
42 48 150.133 0 3 1.02061
43 48 150.547 0 3 1.02064
44 48 147.735 0 3 1.02049
45 48 150.529 0 3 1.02056
46 48 148.838 0 3 1.0206
47 48 148.972 0 3 1.02051
48 48 149.114 0 3 1.02062
49 48 148.308 0 3 1.02052
4 48 149.48 0 3 1.02023
50 48 148.825 0 3 1.0206
5 48 149.407 0 3 1.02053
6 48 149.272 0 3 1.02083
7 48 149.064 0 3 1.02114
8 48 148.773 0 3 1.02143
9 48 148.402 0 3 1.0217
8 4 2506.75 0 3 1.84525
0 49 149.361 0 3 1.01915
10 49 148.06 0 3 1.02151
11 49 147.663 0 3 1.02165
12 49 147.325 0 3 1.02171
13 49 147.148 0 3 1.02167
14 49 147.258 0 3 1.02155
15 49 147.771 0 3 1.02134
16 49 148.749 0 3 1.02108
17 49 150.129 0 3 1.0208
18 49 151.669 0 3 1.02055
19 49 152.968 0 3 1.02035
1 49 149.401 0 3 1.01933
20 49 153.622 0 3 1.02022
21 49 153.417 0 3 1.02012
22 49 152.375 0 3 1.02005
23 49 150.619 0 3 1.02001
24 49 148.214 0 3 1.02001
25 49 145.403 0 3 1.02007
26 49 143.728 0 3 1.02017
27 49 145.743 0 3 1.02024
28 49 150.816 0 3 1.02027
29 49 153.71 0 3 1.02027
2 49 149.428 0 3 1.01953
30 49 152.403 0 3 1.0203
31 49 151.431 0 3 1.02038
32 49 150.245 0 3 1.02041
33 49 145.606 0 3 1.02037
34 49 144.853 0 3 1.02031
35 49 153.127 0 3 1.02024
36 49 154.693 0 3 1.02017
37 49 146.408 0 3 1.02025
38 49 145.309 0 3 1.02038
39 49 153.871 0 3 1.02038
3 49 149.435 0 3 1.01976
40 49 149.455 0 3 1.02027
41 49 147.29 0 3 1.02019
42 49 149.987 0 3 1.02034
43 49 150.358 0 3 1.02036
44 49 147.844 0 3 1.02023
45 49 150.345 0 3 1.02029
46 49 148.834 0 3 1.02033
47 49 148.955 0 3 1.02025
48 49 149.083 0 3 1.02035
49 49 148.362 0 3 1.02026
4 49 149.411 0 3 1.02
50 49 148.825 0 3 1.02033
5 49 149.345 0 3 1.02026
6 49 149.225 0 3 1.02054
7 49 149.038 0 3 1.02081
8 49 148.778 0 3 1.02107
9 49 148.446 0 3 1.02132
9 4 2837.68 0 3 1.95945
0 50 149.305 0 3 1.01903
10 50 148.14 0 3 1.02115
11 50 147.784 0 3 1.02127
12 50 147.481 0 3 1.02132
13 50 147.322 0 3 1.02129
14 50 147.42 0 3 1.02118
15 50 147.878 0 3 1.02099
16 50 148.753 0 3 1.02075
17 50 149.987 0 3 1.02051
18 50 151.363 0 3 1.02028
19 50 152.524 0 3 1.02011
1 50 149.341 0 3 1.01919
20 50 153.106 0 3 1.01999
21 50 152.919 0 3 1.0199
22 50 151.984 0 3 1.01984
23 50 150.413 0 3 1.0198
24 50 148.257 0 3 1.0198
25 50 145.735 0 3 1.01986
26 50 144.234 0 3 1.01994
27 50 146.036 0 3 1.02001
28 50 150.577 0 3 1.02003
29 50 153.166 0 3 1.02003
2 50 149.365 0 3 1.01937
30 50 151.997 0 3 1.02006
31 50 151.132 0 3 1.02013
32 50 150.071 0 3 1.02016
33 50 145.918 0 3 1.02012
34 50 145.248 0 3 1.02007
35 50 152.655 0 3 1.02001
36 50 154.058 0 3 1.01994
37 50 146.646 0 3 1.02001
38 50 145.664 0 3 1.02013
39 50 153.329 0 3 1.02013
3 50 149.371 0 3 1.01958
40 50 149.378 0 3 1.02003
41 50 147.443 0 3 1.01996
42 50 149.859 0 3 1.0201
43 50 150.192 0 3 1.02012
44 50 147.942 0 3 1.02
45 50 150.182 0 3 1.02005
46 50 148.831 0 3 1.02009
47 50 148.94 0 3 1.02002
48 50 149.056 0 3 1.0201
49 50 148.41 0 3 1.02002
4 50 149.349 0 3 1.01979
50 50 148.825 0 3 1.02008
5 50 149.291 0 3 1.02003
6 50 149.183 0 3 1.02027
7 50 149.016 0 3 1.02052
8 50 148.783 0 3 1.02075
9 50 148.485 0 3 1.02097
0 5 455.727 0 3 1.19308
10 5 1907.64 0 3 1.85172
11 5 2533.08 0 3 1.8961
12 5 3410.29 0 3 1.90448
13 5 4344.96 0 3 1.87703
14 5 4935.72 0 3 1.82479
15 5 4900.38 0 3 1.76119
16 5 4582.67 0 3 1.68522
17 5 4914.98 0 3 1.59403
18 5 6470.73 0 3 1.50554
19 5 8303.34 0 3 1.44033
1 5 557.71 0 3 1.22747
20 5 9299.16 0 3 1.40277
21 5 11601.1 0 3 1.37835
22 5 13525 0 3 1.35619
23 5 13256.6 0 3 1.34325
24 5 14025.9 0 3 1.34905
25 5 16689.3 0 3 1.37139
26 5 17913 0 3 1.39645
27 5 18872.2 0 3 1.4146
28 5 19361.5 0 3 1.42708
29 5 20863.9 0 3 1.43072
2 5 690.986 0 3 1.2686
30 5 19659.7 0 3 1.43423
31 5 15633 0 3 1.45271
32 5 15141.8 0 3 1.46322
33 5 14637.9 0 3 1.45011
34 5 12333.4 0 3 1.43332
35 5 13538.3 0 3 1.42191
36 5 13553.9 0 3 1.40906
37 5 8428.05 0 3 1.42458
38 5 7559.96 0 3 1.45792
39 5 8977.3 0 3 1.45303
3 5 857.158 0 3 1.3176
40 5 6948.68 0 3 1.42764
41 5 4676.27 0 3 1.4118
42 5 4485.14 0 3 1.44636
43 5 4196 0 3 1.45083
44 5 2866.89 0 3 1.41872
45 5 2979.08 0 3 1.43123
46 5 2001.52 0 3 1.44142
47 5 1376.75 0 3 1.4203
48 5 1074.69 0 3 1.44357
49 5 816.881 0 3 1.42182
4 5 1047.18 0 3 1.37552
50 5 741.834 0 3 1.43838
5 5 1233.02 0 3 1.44311
6 5 1368.9 0 3 1.52031
7 5 1423.94 0 3 1.60555
8 5 1443.61 0 3 1.69474
9 5 1561.71 0 3 1.78044
0 6 383.201 0 3 1.17154
10 6 1122.48 0 3 1.70227
11 6 1463.62 0 3 1.73718
12 6 1960.74 0 3 1.74548
13 6 2505.68 0 3 1.72668
14 6 2887.97 0 3 1.68719
15 6 2959.29 0 3 1.63538
16 6 2912.87 0 3 1.57318
17 6 3293.46 0 3 1.50161
18 6 4444.46 0 3 1.43263
19 6 5726.89 0 3 1.38104
1 6 453.343 0 3 1.20096
20 6 6483.25 0 3 1.35058
21 6 8033.11 0 3 1.33073
22 6 9269.13 0 3 1.31283
23 6 8992.32 0 3 1.30177
24 6 9455.89 0 3 1.30554
25 6 11195.9 0 3 1.32328
26 6 11909 0 3 1.34405
27 6 12636.2 0 3 1.35904
28 6 13160.9 0 3 1.36873
29 6 14290.5 0 3 1.37137
2 6 541.271 0 3 1.23585
30 6 13487.9 0 3 1.37457
31 6 10853 0 3 1.39025
32 6 10451 0 3 1.39917
33 6 9953.96 0 3 1.38854
34 6 8341.2 0 3 1.37483
35 6 9463.76 0 3 1.36459
36 6 9511.75 0 3 1.35333
37 6 5773.47 0 3 1.36644
38 6 5162.53 0 3 1.39415
39 6 6386.49 0 3 1.39081
3 6 645.626 0 3 1.27699
40 6 4868.3 0 3 1.36944
41 6 3221.61 0 3 1.35584
42 6 3202.79 0 3 1.38476
43 6 3003.13 0 3 1.38869
44 6 2009.9 0 3 1.36203
45 6 2173.29 0 3 1.3726
46 6 1433.13 0 3 1.38108
47 6 1011.43 0 3 1.36368
48 6 803.283 0 3 1.38306
49 6 601.623 0 3 1.36505
4 6 758.052 0 3 1.32507
50 6 565.356 0 3 1.37875
5 6 859.669 0 3 1.38045
6 6 923.886 0 3 1.44282
7 6 935.048 0 3 1.51068
8 6 919.685 0 3 1.58069
9 6 954.535 0 3 1.64719
0 7 331.135 0 3 1.15299
10 7 715.552 0 3 1.58834
11 7 908.335 0 3 1.61645
12 7 1203.83 0 3 1.62416
13 7 1538.88 0 3 1.61066
14 7 1796.56 0 3 1.57982
15 7 1897.13 0 3 1.53729
16 7 1959.62 0 3 1.48598
17 7 2319.18 0 3 1.42843
18 7 3181.4 0 3 1.37343
19 7 4104.07 0 3 1.33186
1 7 380.728 0 3 1.17831
20 7 4683.86 0 3 1.30679
21 7 5755.4 0 3 1.29039
22 7 6563.41 0 3 1.27574
23 7 6298.54 0 3 1.26632
24 7 6573.33 0 3 1.26879
25 7 7730.39 0 3 1.2831
26 7 8149.97 0 3 1.30047
27 7 8720.78 0 3 1.31301
28 7 9238.86 0 3 1.32063
29 7 10111.1 0 3 1.32256
2 7 440.704 0 3 1.20812
30 7 9547.45 0 3 1.32555
31 7 7750.4 0 3 1.33889
32 7 7419.12 0 3 1.34637
33 7 6947.81 0 3 1.33764
34 7 5786.83 0 3 1.32633
35 7 6804.45 0 3 1.31724
36 7 6872.25 0 3 1.30736
37 7 4057.03 0 3 1.31857
38 7 3608.45 0 3 1.34176
39 7 4673.67 0 3 1.33943
3 7 508.911 0 3 1.24297
40 7 3501.08 0 3 1.32136
41 7 2277.8 0 3 1.30963
42 7 2348.62 0 3 1.33406
43 7 2209.95 0 3 1.33747
44 7 1446.82 0 3 1.31513
45 7 1629.75 0 3 1.32412
46 7 1058.51 0 3 1.33125
47 7 767.122 0 3 1.31675
48 7 621.2 0 3 1.33303
49 7 460.013 0 3 1.31797
4 7 578.581 0 3 1.28331
50 7 446.731 0 3 1.32943
5 7 636.838 0 3 1.32929
6 7 667.272 0 3 1.38048
7 7 661.099 0 3 1.43552
8 7 634.563 0 3 1.4917
9 7 634.488 0 3 1.54461
0 8 292.876 0 3 1.13696
10 8 489.199 0 3 1.49903
11 8 599.725 0 3 1.52208
12 8 780.98 0 3 1.52903
13 8 995.07 0 3 1.51897
14 8 1174.41 0 3 1.4943
15 8 1276.01 0 3 1.45908
16 8 1378.68 0 3 1.41636
17 8 1696.76 0 3 1.36926
18 8 2352.48 0 3 1.32461
19 8 3032.61 0 3 1.29061
1 8 328.761 0 3 1.15885
20 8 3481.23 0 3 1.26972
21 8 4237.99 0 3 1.256
22 8 4772.89 0 3 1.24387
23 8 4529.14 0 3 1.23586
24 8 4683.55 0 3 1.23749
25 8 5459.78 0 3 1.24918
26 8 5703.93 0 3 1.26384
27 8 6162.13 0 3 1.27442
28 8 6652.37 0 3 1.28048
29 8 7340.06 0 3 1.28192
2 8 370.806 0 3 1.18447
30 8 6927.5 0 3 1.28471
31 8 5661.98 0 3 1.2961
32 8 5387.99 0 3 1.30236
33 8 4951.38 0 3 1.29511
34 8 4097.16 0 3 1.28568
35 8 5007.69 0 3 1.27767
36 8 5085.89 0 3 1.26899
37 8 2910.82 0 3 1.27865
38 8 2570.7 0 3 1.29821
39 8 3502.71 0 3 1.29654
3 8 416.83 0 3 1.21421
40 8 2574.81 0 3 1.28118
41 8 1647.18 0 3 1.27102
42 8 1762.87 0 3 1.29181
43 8 1666.42 0 3 1.29477
44 8 1066.97 0 3 1.2759
45 8 1252.6 0 3 1.28359
46 8 804.467 0 3 1.28963
47 8 599.422 0 3 1.27743
48 8 495.785 0 3 1.29121
49 8 364.72 0 3 1.2785
4 8 461.556 0 3 1.24836
50 8 365.091 0 3 1.28818
5 8 496.003 0 3 1.28694
6 8 509.509 0 3 1.32949
7 8 496.71 0 3 1.37482
8 8 467.912 0 3 1.42068
9 8 453.039 0 3 1.4636
0 9 264.196 0 3 1.12303
10 9 356.649 0 3 1.4275
11 9 419.582 0 3 1.44665
12 9 532.889 0 3 1.45284
13 9 673.611 0 3 1.44512
14 9 801.697 0 3 1.42502
15 9 894.482 0 3 1.39558
16 9 1007.14 0 3 1.35973
17 9 1280.88 0 3 1.32064
18 9 1787.08 0 3 1.28385
19 9 2299.09 0 3 1.2557
1 9 290.68 0 3 1.14204
20 9 2649.3 0 3 1.23812
21 9 3192.96 0 3 1.22652
22 9 3549.79 0 3 1.21638
23 9 3330.39 0 3 1.20956
24 9 3406.72 0 3 1.21065
25 9 3927.99 0 3 1.22031
26 9 4064.47 0 3 1.23277
27 9 4438.06 0 3 1.24177
28 9 4890.88 0 3 1.24665
29 9 5442.46 0 3 1.24773
2 9 320.838 0 3 1.16417
30 9 5130.22 0 3 1.25031
31 9 4215.96 0 3 1.26008
32 9 3988.58 0 3 1.26532
33 9 3589.79 0 3 1.25925
34 9 2950.16 0 3 1.25133
35 9 3759.61 0 3 1.24427
36 9 3841.85 0 3 1.23663
37 9 2125.97 0 3 1.24502
38 9 1861.57 0 3 1.26162
39 9 2680.14 0 3 1.26041
3 9 352.709 0 3 1.18971
40 9 1931.69 0 3 1.24728
41 9 1215.89 0 3 1.23845
42 9 1351.56 0 3 1.25627
43 9 1284.68 0 3 1.25882
44 9 805.241 0 3 1.24277
45 9 984.722 0 3 1.24939
46 9 628.164 0 3 1.25453
47 9 481.798 0 3 1.24419
48 9 407.483 0 3 1.25594
49 9 299.423 0 3 1.24514
4 9 382.214 0 3 1.21883
50 9 307.789 0 3 1.25336
5 9 402.936 0 3 1.25149
6 9 407.64 0 3 1.28724
7 9 392.804 0 3 1.32502
8 9 365.145 0 3 1.36298
9 9 344.482 0 3 1.39834
