0 0 154.956 0 3 1.02462
10 0 753.895 0 3 1.23905
11 0 1780 0 3 1.35659
12 0 5751.85 0 3 1.55258
13 0 28157.4 0 3 1.8993
14 0 210151 0 3 2.54536
15 0 1.01731e+06 0 3 3.73828
16 0 2.4773e+06 0 3 5.43099
17 0 4.76713e+06 0 3 5.52664
18 0 6.16757e+06 0 3 4.90819
19 0 5.73067e+06 0 3 3.26405
1 0 156.192 0 3 1.02679
20 0 2.97906e+06 0 3 2.3048
21 0 1.63998e+06 0 3 1.87858
22 0 329695 0 3 1.75008
23 0 497224 0 3 1.91357
24 0 642242 0 3 2.06627
25 0 690396 0 3 2.21315
26 0 386131 0 3 2.14948
27 0 329760 0 3 2.03294
28 0 211285 0 3 2.01939
29 0 128194 0 3 2.1186
2 0 158.105 0 3 1.02994
30 0 80186.6 0 3 2.01741
31 0 51349.7 0 3 2.10019
32 0 26007.2 0 3 2.03888
33 0 23584.6 0 3 2.04089
34 0 10853.1 0 3 2.03646
35 0 7717.96 0 3 2.04208
36 0 4020 0 3 2.03853
37 0 3630.64 0 3 2.04768
38 0 2812.09 0 3 2.03009
39 0 1413.69 0 3 2.04608
3 0 161.137 0 3 1.03451
40 0 1502.58 0 3 2.04471
41 0 1116.06 0 3 2.03896
42 0 507.144 0 3 2.03794
43 0 591.92 0 3 2.0337
44 0 328.642 0 3 2.03576
45 0 528.136 0 3 2.03915
46 0 471.805 0 3 2.04126
47 0 422.028 0 3 2.04019
48 0 534.483 0 3 2.0401
49 0 446.649 0 3 2.03927
4 0 166.103 0 3 1.04116
50 0 424.666 0 3 2.03893
5 0 174.58 0 3 1.05089
6 0 189.798 0 3 1.06516
7 0 218.832 0 3 1.08624
8 0 278.47 0 3 1.11771
9 0 412.763 0 3 1.16536
0 10 153.027 0 3 1.02098
10 10 183.811 0 3 1.06629
11 10 199.73 0 3 1.08572
12 10 220.445 0 3 1.11224
13 10 239.891 0 3 1.14703
14 10 242.543 0 3 1.18955
15 10 219.54 0 3 1.23491
16 10 209.994 0 3 1.27116
17 10 272.528 0 3 1.28176
18 10 391.499 0 3 1.25872
19 10 624.52 0 3 1.2145
1 10 153.299 0 3 1.02152
20 10 1098.1 0 3 1.17314
21 10 1560.72 0 3 1.14844
22 10 1360.76 0 3 1.13993
23 10 1321.65 0 3 1.15187
24 10 1725 0 3 1.16603
25 10 2059.07 0 3 1.17269
26 10 1543.47 0 3 1.17067
27 10 1021.08 0 3 1.16612
28 10 1518.29 0 3 1.16174
29 10 881.427 0 3 1.17016
2 10 153.696 0 3 1.0223
30 10 582.518 0 3 1.16298
31 10 680.336 0 3 1.16993
32 10 454.096 0 3 1.16516
33 10 284.261 0 3 1.16577
34 10 224.704 0 3 1.1657
35 10 208.269 0 3 1.16631
36 10 242.503 0 3 1.16613
37 10 253.4 0 3 1.16688
38 10 251.935 0 3 1.16544
39 10 162.201 0 3 1.16675
3 10 154.28 0 3 1.02343
40 10 216.151 0 3 1.16665
41 10 192.527 0 3 1.16619
42 10 172.67 0 3 1.16609
43 10 184.443 0 3 1.16574
44 10 174.351 0 3 1.16592
45 10 184.983 0 3 1.16621
46 10 184.371 0 3 1.16638
47 10 184.326 0 3 1.1663
48 10 190.066 0 3 1.16629
49 10 186.871 0 3 1.16622
4 10 155.143 0 3 1.02505
50 10 185.891 0 3 1.16619
5 10 156.432 0 3 1.02739
6 10 158.374 0 3 1.03075
7 10 161.335 0 3 1.03559
8 10 165.899 0 3 1.04251
9 10 172.968 0 3 1.05236
0 1 154.608 0 3 1.02399
10 1 551.878 0 3 1.20483
0 11 152.948 0 3 1.02083
10 11 177.804 0 3 1.06002
11 11 189.805 0 3 1.07668
12 11 204.715 0 3 1.09927
13 11 217.526 0 3 1.12867
14 11 216.64 0 3 1.16428
15 11 195.347 0 3 1.20189
16 11 180.542 0 3 1.23178
17 11 217.096 0 3 1.24063
18 11 306.809 0 3 1.22178
19 11 498.561 0 3 1.18506
11 1 1100.53 0 3 1.29927
1 11 153.184 0 3 1.0213
20 11 864.52 0 3 1.15058
21 11 1200.86 0 3 1.12999
22 11 1011.64 0 3 1.12293
23 11 930.775 0 3 1.13292
24 11 1272.45 0 3 1.14477
25 11 1541.65 0 3 1.15042
26 11 1161.19 0 3 1.14867
27 11 735.724 0 3 1.14492
28 11 1173.13 0 3 1.14117
29 11 672.847 0 3 1.14827
12 1 2705.53 0 3 1.44972
2 11 153.526 0 3 1.02198
30 11 446.284 0 3 1.14225
31 11 550.798 0 3 1.14809
32 11 381.205 0 3 1.14408
33 11 243.411 0 3 1.14461
34 11 202.71 0 3 1.14455
35 11 192.656 0 3 1.14507
36 11 223.588 0 3 1.14493
37 11 234.158 0 3 1.14556
38 11 233.872 0 3 1.14435
39 11 159.332 0 3 1.14545
13 1 7794.22 0 3 1.69624
3 11 154.029 0 3 1.02295
40 11 205.258 0 3 1.14536
41 11 185.58 0 3 1.14498
42 11 169.482 0 3 1.14489
43 11 179.405 0 3 1.1446
44 11 171.191 0 3 1.14475
45 11 180.002 0 3 1.14499
46 11 179.569 0 3 1.14513
47 11 179.625 0 3 1.14507
48 11 184.382 0 3 1.14506
49 11 181.816 0 3 1.145
14 1 20875.1 0 3 2.10272
4 11 154.768 0 3 1.02437
50 11 181.059 0 3 1.14498
15 1 39361.6 0 3 2.72625
5 11 155.863 0 3 1.0264
16 1 72176.3 0 3 3.42071
6 11 157.498 0 3 1.02932
17 1 122899 0 3 3.50968
7 11 159.959 0 3 1.03351
18 1 121769 0 3 2.96546
8 11 163.691 0 3 1.03951
19 1 78464.4 0 3 2.50027
9 11 169.35 0 3 1.04802
1 1 155.661 0 3 1.02588
20 1 71762.5 0 3 1.93003
0 12 152.88 0 3 1.02069
10 12 173.121 0 3 1.05463
11 12 182.283 0 3 1.06894
12 12 193.169 0 3 1.08824
13 12 201.666 0 3 1.1132
14 12 198.951 0 3 1.14318
15 12 179.782 0 3 1.17461
16 12 163.021 0 3 1.19947
17 12 183.564 0 3 1.20691
18 12 252.047 0 3 1.19133
19 12 409.918 0 3 1.16061
21 1 97170.2 0 3 1.66907
1 12 153.084 0 3 1.0211
20 12 696.502 0 3 1.13168
21 12 943.855 0 3 1.1144
22 12 769.919 0 3 1.10852
23 12 667.922 0 3 1.11692
24 12 958.472 0 3 1.12689
25 12 1177.67 0 3 1.1317
26 12 892.144 0 3 1.1302
27 12 542.647 0 3 1.12707
28 12 925.907 0 3 1.12385
29 12 527.181 0 3 1.12987
22 1 101140 0 3 1.59986
2 12 153.38 0 3 1.02169
30 12 353.278 0 3 1.12479
31 12 457.106 0 3 1.12972
32 12 328.28 0 3 1.12635
33 12 215.356 0 3 1.1268
34 12 187.547 0 3 1.12676
35 12 181.709 0 3 1.1272
36 12 209.326 0 3 1.12708
37 12 219.268 0 3 1.12761
38 12 219.692 0 3 1.12659
39 12 157.352 0 3 1.12752
23 1 130838 0 3 1.70875
3 12 153.813 0 3 1.02254
40 12 196.556 0 3 1.12744
41 12 180.058 0 3 1.12712
42 12 166.878 0 3 1.12705
43 12 175.279 0 3 1.1268
44 12 168.533 0 3 1.12693
45 12 175.888 0 3 1.12713
46 12 175.583 0 3 1.12725
47 12 175.701 0 3 1.1272
48 12 179.678 0 3 1.12719
49 12 177.605 0 3 1.12714
24 1 145711 0 3 1.82285
4 12 154.447 0 3 1.02377
50 12 177.025 0 3 1.12712
25 1 153831 0 3 1.88383
5 12 155.38 0 3 1.02554
26 1 92017.8 0 3 1.86491
6 12 156.762 0 3 1.02808
27 1 80714.8 0 3 1.80282
7 12 158.819 0 3 1.03172
28 1 75482.6 0 3 1.78562
8 12 161.89 0 3 1.03691
29 1 45876.8 0 3 1.85381
9 12 166.46 0 3 1.04428
2 1 157.275 0 3 1.02861
30 1 32678.6 0 3 1.78781
0 13 152.821 0 3 1.02057
10 13 169.429 0 3 1.04998
11 13 176.504 0 3 1.0623
12 13 184.555 0 3 1.07884
13 13 190.201 0 3 1.1001
14 13 186.622 0 3 1.12547
15 13 169.626 0 3 1.1519
16 13 152.667 0 3 1.17271
17 13 163.259 0 3 1.17899
18 13 216.127 0 3 1.16602
19 13 346.423 0 3 1.14018
31 1 22458.4 0 3 1.84567
1 13 152.998 0 3 1.02093
20 13 573.503 0 3 1.11575
21 13 757.261 0 3 1.10118
22 13 600.193 0 3 1.09625
23 13 489.72 0 3 1.10335
24 13 737.578 0 3 1.11178
25 13 917.664 0 3 1.11589
26 13 700.197 0 3 1.11459
27 13 410.968 0 3 1.11198
28 13 745.93 0 3 1.10921
29 13 424.233 0 3 1.11432
32 1 12087.1 0 3 1.80375
2 13 153.254 0 3 1.02144
30 13 289.224 0 3 1.11002
31 13 388.282 0 3 1.1142
32 13 289.244 0 3 1.11135
33 13 195.915 0 3 1.11173
34 13 176.992 0 3 1.1117
35 13 173.935 0 3 1.11208
36 13 198.403 0 3 1.11198
37 13 207.571 0 3 1.11243
38 13 208.404 0 3 1.11156
39 13 155.97 0 3 1.11235
33 1 8955.33 0 3 1.80617
3 13 153.627 0 3 1.02218
40 13 189.518 0 3 1.11229
41 13 175.61 0 3 1.11201
42 13 164.728 0 3 1.11195
43 13 171.869 0 3 1.11175
44 13 166.285 0 3 1.11185
45 13 172.465 0 3 1.11203
46 13 172.251 0 3 1.11213
47 13 172.407 0 3 1.11208
48 13 175.756 0 3 1.11207
49 13 174.073 0 3 1.11203
34 1 4757.87 0 3 1.80374
4 13 154.172 0 3 1.02325
50 13 173.637 0 3 1.11201
35 1 3218.17 0 3 1.80786
5 13 154.97 0 3 1.02479
36 1 2278.38 0 3 1.80568
6 13 156.142 0 3 1.027
37 1 2049.64 0 3 1.81194
7 13 157.868 0 3 1.03016
38 1 1684.71 0 3 1.79992
8 13 160.412 0 3 1.03466
39 1 752.731 0 3 1.81085
9 13 164.13 0 3 1.04104
3 1 159.803 0 3 1.03258
40 1 952.996 0 3 1.80993
0 14 152.77 0 3 1.02047
10 14 166.489 0 3 1.04597
11 14 172.012 0 3 1.05659
12 14 178.033 0 3 1.07079
13 14 181.773 0 3 1.08896
14 14 177.88 0 3 1.11052
15 14 162.942 0 3 1.13285
16 14 146.698 0 3 1.15038
17 14 151.106 0 3 1.15571
18 14 192.345 0 3 1.14483
19 14 300.251 0 3 1.12298
41 1 706.05 0 3 1.80603
1 14 152.923 0 3 1.02078
20 14 482.07 0 3 1.10227
21 14 619.832 0 3 1.08993
22 14 479.603 0 3 1.08577
23 14 368.354 0 3 1.0918
24 14 580.357 0 3 1.09896
25 14 729.452 0 3 1.10248
26 14 561.64 0 3 1.10136
27 14 320.739 0 3 1.09915
28 14 613.012 0 3 1.09677
29 14 350.749 0 3 1.10114
42 1 361.428 0 3 1.8053
2 14 153.145 0 3 1.02123
30 14 244.841 0 3 1.09748
31 14 337.018 0 3 1.10104
32 14 260.046 0 3 1.09861
33 14 182.353 0 3 1.09894
34 14 169.591 0 3 1.09892
35 14 168.354 0 3 1.09924
36 14 189.922 0 3 1.09915
37 14 198.262 0 3 1.09954
38 14 199.311 0 3 1.0988
39 14 154.993 0 3 1.09947
43 1 434.93 0 3 1.80241
3 14 153.467 0 3 1.02187
40 14 183.765 0 3 1.09942
41 14 171.987 0 3 1.09918
42 14 162.937 0 3 1.09913
43 14 169.028 0 3 1.09896
44 14 164.376 0 3 1.09905
45 14 169.596 0 3 1.09919
46 14 169.449 0 3 1.09928
47 14 169.626 0 3 1.09924
48 14 172.466 0 3 1.09923
49 14 171.096 0 3 1.0992
44 1 279.38 0 3 1.80384
4 14 153.936 0 3 1.0228
50 14 170.777 0 3 1.09918
45 1 403.163 0 3 1.80617
5 14 154.62 0 3 1.02414
46 1 374.003 0 3 1.8076
6 14 155.617 0 3 1.02606
47 1 349.104 0 3 1.80688
7 14 157.072 0 3 1.0288
48 1 418.607 0 3 1.80682
8 14 159.19 0 3 1.03271
49 1 366.84 0 3 1.80625
9 14 162.237 0 3 1.03824
4 1 163.88 0 3 1.03835
50 1 352.85 0 3 1.80602
0 15 152.725 0 3 1.02038
10 15 164.128 0 3 1.0425
11 15 168.481 0 3 1.05167
12 15 173.031 0 3 1.06389
13 15 175.485 0 3 1.07946
14 15 171.588 0 3 1.09784
15 15 158.526 0 3 1.1168
16 15 143.443 0 3 1.13163
17 15 144.044 0 3 1.13617
18 15 176.523 0 3 1.127
19 15 266.235 0 3 1.10845
1 15 152.858 0 3 1.02065
20 15 413.175 0 3 1.09082
21 15 517.318 0 3 1.08032
22 15 393.065 0 3 1.0768
23 15 285.607 0 3 1.08194
24 15 467.358 0 3 1.08804
25 15 591.618 0 3 1.09106
26 15 460.596 0 3 1.09009
27 15 258.817 0 3 1.08822
28 15 513.577 0 3 1.08617
29 15 297.854 0 3 1.0899
2 15 153.051 0 3 1.02104
30 15 213.981 0 3 1.08678
31 15 298.352 0 3 1.08982
32 15 237.928 0 3 1.08775
33 15 172.851 0 3 1.08804
34 15 164.372 0 3 1.08802
35 15 164.307 0 3 1.08829
36 15 183.253 0 3 1.08822
37 15 190.769 0 3 1.08855
38 15 191.91 0 3 1.08792
39 15 154.298 0 3 1.08849
3 15 153.329 0 3 1.0216
40 15 179.022 0 3 1.08845
41 15 169.008 0 3 1.08825
42 15 161.436 0 3 1.0882
43 15 166.646 0 3 1.08805
44 15 162.748 0 3 1.08813
45 15 167.178 0 3 1.08826
46 15 167.081 0 3 1.08833
47 15 167.267 0 3 1.0883
48 15 169.69 0 3 1.08829
49 15 168.575 0 3 1.08826
4 15 153.734 0 3 1.02241
50 15 168.352 0 3 1.08825
5 15 154.32 0 3 1.02357
6 15 155.171 0 3 1.02524
7 15 156.402 0 3 1.02763
8 15 158.175 0 3 1.03102
9 15 160.688 0 3 1.03582
5 1 170.698 0 3 1.04675
0 16 152.686 0 3 1.0203
10 16 162.215 0 3 1.03951
11 16 165.677 0 3 1.04743
12 16 169.15 0 3 1.05796
13 16 170.73 0 3 1.07133
14 16 167 0 3 1.08705
15 16 155.613 0 3 1.1032
16 16 141.874 0 3 1.1158
17 16 140.187 0 3 1.11968
18 16 165.997 0 3 1.11191
19 16 240.88 0 3 1.09611
1 16 152.802 0 3 1.02054
20 16 360.625 0 3 1.08105
21 16 439.965 0 3 1.07209
22 16 330.433 0 3 1.0691
23 16 229.342 0 3 1.07349
24 16 385.468 0 3 1.07871
25 16 489.628 0 3 1.0813
26 16 386.24 0 3 1.08046
27 16 216.398 0 3 1.07888
28 16 438.311 0 3 1.0771
29 16 259.512 0 3 1.08031
2 16 152.969 0 3 1.02087
30 16 192.502 0 3 1.07764
31 16 268.851 0 3 1.08024
32 16 220.976 0 3 1.07847
33 16 166.178 0 3 1.07872
34 16 160.68 0 3 1.0787
35 16 161.349 0 3 1.07894
36 16 177.952 0 3 1.07888
37 16 184.676 0 3 1.07916
38 16 185.833 0 3 1.07862
39 16 153.798 0 3 1.07911
3 16 153.21 0 3 1.02136
40 16 175.08 0 3 1.07907
41 16 166.538 0 3 1.0789
42 16 160.169 0 3 1.07886
43 16 164.638 0 3 1.07873
44 16 161.356 0 3 1.0788
45 16 165.131 0 3 1.07891
46 16 165.071 0 3 1.07897
47 16 165.261 0 3 1.07894
48 16 167.338 0 3 1.07894
49 16 166.431 0 3 1.07891
4 16 153.559 0 3 1.02207
50 16 166.288 0 3 1.0789
5 16 154.063 0 3 1.02308
6 16 154.791 0 3 1.02453
7 16 155.836 0 3 1.02661
8 16 157.326 0 3 1.02956
9 16 159.411 0 3 1.03371
6 1 182.625 0 3 1.05904
0 17 152.653 0 3 1.02023
10 17 160.654 0 3 1.03691
11 17 163.43 0 3 1.04377
12 17 166.105 0 3 1.05286
13 17 167.091 0 3 1.06436
14 17 163.616 0 3 1.07784
15 17 153.708 0 3 1.09163
16 17 141.346 0 3 1.10238
17 17 138.349 0 3 1.1057
18 17 159.029 0 3 1.0991
19 17 221.783 0 3 1.08559
1 17 152.753 0 3 1.02044
20 17 320.094 0 3 1.07269
21 17 380.983 0 3 1.06502
22 17 284.771 0 3 1.06248
23 17 191.355 0 3 1.06624
24 17 325.701 0 3 1.07071
25 17 413.448 0 3 1.07295
26 17 331.078 0 3 1.07222
27 17 187.502 0 3 1.07087
28 17 380.725 0 3 1.06933
29 17 231.551 0 3 1.07209
2 17 152.898 0 3 1.02073
30 17 177.579 0 3 1.0698
31 17 246.102 0 3 1.07203
32 17 207.843 0 3 1.07051
33 17 161.492 0 3 1.07073
34 17 158.064 0 3 1.07072
35 17 159.17 0 3 1.07092
36 17 173.695 0 3 1.07087
37 17 179.68 0 3 1.07111
38 17 180.804 0 3 1.07065
39 17 153.437 0 3 1.07107
3 17 153.107 0 3 1.02116
40 17 171.784 0 3 1.07104
41 17 164.477 0 3 1.07089
42 17 159.095 0 3 1.07085
43 17 162.936 0 3 1.07075
44 17 160.163 0 3 1.0708
45 17 163.391 0 3 1.07089
46 17 163.359 0 3 1.07095
47 17 163.547 0 3 1.07092
48 17 165.338 0 3 1.07092
49 17 164.602 0 3 1.0709
4 17 153.408 0 3 1.02177
50 17 164.525 0 3 1.07089
5 17 153.843 0 3 1.02265
6 17 154.466 0 3 1.02392
7 17 155.357 0 3 1.02572
8 17 156.614 0 3 1.02828
9 17 158.353 0 3 1.03189
7 1 204.636 0 3 1.07711
0 18 152.624 0 3 1.02017
10 18 159.372 0 3 1.03466
11 18 161.615 0 3 1.0406
12 18 163.692 0 3 1.04845
13 18 164.276 0 3 1.05837
14 18 161.095 0 3 1.06995
15 18 152.481 0 3 1.08177
16 18 141.452 0 3 1.09096
17 18 137.772 0 3 1.09381
18 18 154.472 0 3 1.08817
19 18 207.26 0 3 1.0766
1 18 152.711 0 3 1.02035
20 18 288.515 0 3 1.06553
21 18 335.571 0 3 1.05895
22 18 251.268 0 3 1.05678
23 18 166.034 0 3 1.06001
24 18 281.813 0 3 1.06385
25 18 356.055 0 3 1.06578
26 18 289.85 0 3 1.06515
27 18 168.021 0 3 1.06399
28 18 336.223 0 3 1.06266
29 18 211.057 0 3 1.06504
2 18 152.836 0 3 1.02061
30 18 167.26 0 3 1.06307
31 18 228.387 0 3 1.06499
32 18 197.569 0 3 1.06368
33 18 158.209 0 3 1.06387
34 18 156.21 0 3 1.06386
35 18 157.554 0 3 1.06403
36 18 170.245 0 3 1.06399
37 18 175.551 0 3 1.0642
38 18 176.614 0 3 1.0638
39 18 153.174 0 3 1.06416
3 18 153.017 0 3 1.02098
40 18 169.012 0 3 1.06413
41 18 162.747 0 3 1.06401
42 18 158.182 0 3 1.06398
43 18 161.49 0 3 1.06388
44 18 159.137 0 3 1.06393
45 18 161.907 0 3 1.06401
46 18 161.896 0 3 1.06406
47 18 162.08 0 3 1.06404
48 18 163.632 0 3 1.06403
49 18 163.037 0 3 1.06401
4 18 153.278 0 3 1.02151
50 18 163.016 0 3 1.06401
5 18 153.653 0 3 1.02228
6 18 154.188 0 3 1.02338
7 18 154.949 0 3 1.02495
8 18 156.014 0 3 1.02717
9 18 157.472 0 3 1.03031
8 1 247.904 0 3 1.10388
0 19 152.598 0 3 1.02012
10 19 158.311 0 3 1.03271
11 19 160.137 0 3 1.03786
12 19 161.763 0 3 1.04465
13 19 162.075 0 3 1.05321
14 19 159.197 0 3 1.06318
15 19 151.714 0 3 1.07332
16 19 141.932 0 3 1.08121
17 19 137.971 0 3 1.08366
18 19 151.552 0 3 1.07884
19 19 196.117 0 3 1.0689
1 19 152.674 0 3 1.02028
20 19 263.676 0 3 1.05938
21 19 300.288 0 3 1.05372
22 19 226.551 0 3 1.05186
23 19 149.504 0 3 1.05464
24 19 249.416 0 3 1.05794
25 19 312.467 0 3 1.05961
26 19 258.826 0 3 1.05906
27 19 155.109 0 3 1.05807
28 19 301.51 0 3 1.05692
29 19 195.973 0 3 1.05897
2 19 152.783 0 3 1.0205
30 19 160.185 0 3 1.05727
31 19 214.464 0 3 1.05893
32 19 189.456 0 3 1.0578
33 19 155.92 0 3 1.05796
34 19 154.899 0 3 1.05796
35 19 156.348 0 3 1.05811
36 19 167.428 0 3 1.05807
37 19 172.116 0 3 1.05825
38 19 173.104 0 3 1.0579
39 19 152.983 0 3 1.05822
3 19 152.94 0 3 1.02082
40 19 166.67 0 3 1.05819
41 19 161.287 0 3 1.05808
42 19 157.402 0 3 1.05806
43 19 160.256 0 3 1.05798
44 19 158.255 0 3 1.05802
45 19 160.637 0 3 1.05809
46 19 160.643 0 3 1.05813
47 19 160.822 0 3 1.05811
48 19 162.171 0 3 1.05811
49 19 161.695 0 3 1.05809
4 19 153.166 0 3 1.02129
50 19 161.722 0 3 1.05808
5 19 153.489 0 3 1.02195
6 19 153.95 0 3 1.02291
7 19 154.601 0 3 1.02428
8 19 155.507 0 3 1.02621
9 19 156.733 0 3 1.02893
9 1 339.548 0 3 1.14395
0 20 152.576 0 3 1.02008
10 20 157.429 0 3 1.03102
11 20 158.925 0 3 1.03548
12 20 160.209 0 3 1.04137
13 20 160.338 0 3 1.04876
14 20 157.757 0 3 1.05735
15 20 151.257 0 3 1.06608
16 20 142.618 0 3 1.07286
17 20 138.629 0 3 1.07497
18 20 149.748 0 3 1.07083
19 20 187.495 0 3 1.06228
1 20 152.642 0 3 1.02021
20 20 243.968 0 3 1.05408
21 20 272.642 0 3 1.04921
22 20 208.226 0 3 1.04761
23 20 139.069 0 3 1.05001
24 20 225.388 0 3 1.05285
25 20 279.11 0 3 1.05429
26 20 235.329 0 3 1.05382
27 20 146.776 0 3 1.05296
28 20 274.195 0 3 1.05197
29 20 184.83 0 3 1.05374
2 20 152.737 0 3 1.02041
30 20 155.399 0 3 1.05228
31 20 203.427 0 3 1.0537
32 20 182.994 0 3 1.05273
33 20 154.337 0 3 1.05287
34 20 153.976 0 3 1.05287
35 20 155.442 0 3 1.053
36 20 165.11 0 3 1.05297
37 20 169.242 0 3 1.05312
38 20 170.148 0 3 1.05282
39 20 152.842 0 3 1.05309
3 20 152.873 0 3 1.02069
40 20 164.683 0 3 1.05307
41 20 160.05 0 3 1.05298
42 20 156.734 0 3 1.05296
43 20 159.2 0 3 1.05289
44 20 157.494 0 3 1.05292
45 20 159.548 0 3 1.05298
46 20 159.566 0 3 1.05302
47 20 159.739 0 3 1.053
48 20 160.918 0 3 1.053
49 20 160.542 0 3 1.05298
4 20 153.069 0 3 1.02109
50 20 160.608 0 3 1.05298
5 20 153.348 0 3 1.02167
6 20 153.745 0 3 1.0225
7 20 154.303 0 3 1.02369
8 20 155.075 0 3 1.02538
9 20 156.112 0 3 1.02774
0 2 154.31 0 3 1.02344
10 2 428.397 0 3 1.17672
0 21 152.557 0 3 1.02004
10 21 156.692 0 3 1.02956
11 21 157.926 0 3 1.03343
12 21 158.945 0 3 1.03852
13 21 158.956 0 3 1.04492
14 21 156.655 0 3 1.05234
15 21 151.009 0 3 1.05986
16 21 143.403 0 3 1.06569
17 21 139.541 0 3 1.06751
18 21 148.701 0 3 1.06396
19 21 180.77 0 3 1.05659
11 2 746.594 0 3 1.25366
1 21 152.614 0 3 1.02015
20 21 228.203 0 3 1.04951
21 21 250.804 0 3 1.04531
22 21 194.581 0 3 1.04394
23 21 132.842 0 3 1.046
24 21 207.494 0 3 1.04846
25 21 253.398 0 3 1.04971
26 21 217.424 0 3 1.0493
27 21 141.627 0 3 1.04856
28 21 252.523 0 3 1.0477
29 21 176.573 0 3 1.04923
12 2 1518.15 0 3 1.37204
2 21 152.696 0 3 1.02032
30 21 152.227 0 3 1.04796
31 21 194.606 0 3 1.0492
32 21 177.805 0 3 1.04836
33 21 153.256 0 3 1.04848
34 21 153.331 0 3 1.04848
35 21 154.759 0 3 1.04859
36 21 163.19 0 3 1.04856
37 21 166.826 0 3 1.04869
38 21 167.647 0 3 1.04844
39 21 152.738 0 3 1.04867
13 2 3314.57 0 3 1.55577
3 21 152.815 0 3 1.02057
40 21 162.991 0 3 1.04865
41 21 158.998 0 3 1.04857
42 21 156.16 0 3 1.04855
43 21 158.295 0 3 1.04849
44 21 156.837 0 3 1.04853
45 21 158.612 0 3 1.04858
46 21 158.64 0 3 1.04861
47 21 158.807 0 3 1.04859
48 21 159.842 0 3 1.04859
49 21 159.549 0 3 1.04858
14 2 6326.9 0 3 1.83537
4 21 152.984 0 3 1.02092
50 21 159.649 0 3 1.04857
15 2 9428.3 0 3 2.22005
5 21 153.226 0 3 1.02143
16 2 16183.8 0 3 2.59997
6 21 153.569 0 3 1.02215
17 2 28299.4 0 3 2.66608
7 21 154.048 0 3 1.02318
18 2 29627.4 0 3 2.37973
8 21 154.708 0 3 1.02465
19 2 22388.9 0 3 2.05328
9 21 155.587 0 3 1.02671
1 2 155.21 0 3 1.02508
20 2 28681.2 0 3 1.71368
0 22 152.54 0 3 1.02
10 22 156.073 0 3 1.02828
11 22 157.096 0 3 1.03164
12 22 157.912 0 3 1.03606
13 22 157.846 0 3 1.0416
14 22 155.805 0 3 1.04801
15 22 150.9 0 3 1.0545
16 22 144.219 0 3 1.05953
17 22 140.575 0 3 1.0611
18 22 148.164 0 3 1.05804
19 22 175.485 0 3 1.05168
21 2 42353 0 3 1.54175
1 22 152.59 0 3 1.0201
20 22 215.495 0 3 1.04557
21 22 233.421 0 3 1.04194
22 22 184.382 0 3 1.04076
23 22 129.5 0 3 1.04254
24 22 194.119 0 3 1.04466
25 22 233.44 0 3 1.04575
26 22 203.698 0 3 1.04539
27 22 138.677 0 3 1.04475
28 22 235.194 0 3 1.04401
29 22 170.44 0 3 1.04533
22 2 45937.7 0 3 1.4903
2 22 152.661 0 3 1.02025
30 22 150.192 0 3 1.04424
31 22 187.503 0 3 1.0453
32 22 173.608 0 3 1.04458
33 22 152.532 0 3 1.04469
34 22 152.886 0 3 1.04468
35 22 154.241 0 3 1.04478
36 22 161.591 0 3 1.04476
37 22 164.784 0 3 1.04487
38 22 165.524 0 3 1.04465
39 22 152.662 0 3 1.04485
23 2 57246.8 0 3 1.56732
3 22 152.764 0 3 1.02047
40 22 161.547 0 3 1.04484
41 22 158.1 0 3 1.04477
42 22 155.667 0 3 1.04475
43 22 157.516 0 3 1.0447
44 22 156.269 0 3 1.04472
45 22 157.806 0 3 1.04477
46 22 157.843 0 3 1.04479
47 22 158.003 0 3 1.04478
48 22 158.915 0 3 1.04478
49 22 158.694 0 3 1.04477
24 2 61827.1 0 3 1.6521
4 22 152.911 0 3 1.02077
50 22 158.822 0 3 1.04477
25 2 66049.1 0 3 1.68902
5 22 153.121 0 3 1.02121
26 2 43179.9 0 3 1.67966
6 22 153.417 0 3 1.02184
27 2 37747.2 0 3 1.64094
7 22 153.83 0 3 1.02274
28 2 36730.9 0 3 1.62495
8 22 154.395 0 3 1.02402
29 2 22869.6 0 3 1.67421
9 22 155.142 0 3 1.0258
2 2 156.576 0 3 1.02746
30 2 16422.3 0 3 1.62796
0 23 152.525 0 3 1.01997
10 23 155.551 0 3 1.02717
11 23 156.403 0 3 1.03009
12 23 157.061 0 3 1.03393
13 23 156.949 0 3 1.03872
14 23 155.145 0 3 1.04427
15 23 150.883 0 3 1.04988
16 23 145.025 0 3 1.05422
17 23 141.647 0 3 1.05558
18 23 147.967 0 3 1.05294
19 23 171.302 0 3 1.04745
31 2 11980.6 0 3 1.66993
1 23 152.569 0 3 1.02006
20 23 205.178 0 3 1.04216
21 23 219.485 0 3 1.03902
22 23 176.73 0 3 1.038
23 23 128.11 0 3 1.03955
24 23 184.088 0 3 1.04138
25 23 217.843 0 3 1.04232
26 23 193.116 0 3 1.04201
27 23 137.231 0 3 1.04146
28 23 221.237 0 3 1.04081
29 23 165.874 0 3 1.04196
32 2 6603.84 0 3 1.63988
2 23 152.631 0 3 1.02019
30 23 148.951 0 3 1.04101
31 23 181.742 0 3 1.04194
32 23 170.189 0 3 1.04131
33 23 152.06 0 3 1.0414
34 23 152.582 0 3 1.0414
35 23 153.845 0 3 1.04148
36 23 160.252 0 3 1.04146
37 23 163.053 0 3 1.04156
38 23 163.716 0 3 1.04137
39 23 152.606 0 3 1.04155
33 2 4688.26 0 3 1.64209
3 23 152.72 0 3 1.02038
40 23 160.31 0 3 1.04153
41 23 157.332 0 3 1.04147
42 23 155.242 0 3 1.04146
43 23 156.846 0 3 1.04141
44 23 155.777 0 3 1.04144
45 23 157.112 0 3 1.04147
46 23 157.154 0 3 1.0415
47 23 157.309 0 3 1.04149
48 23 158.115 0 3 1.04148
49 23 157.955 0 3 1.04147
34 2 2549.59 0 3 1.64064
4 23 152.848 0 3 1.02064
50 23 158.108 0 3 1.04147
35 2 1760.23 0 3 1.64376
5 23 153.03 0 3 1.02103
36 2 1426.21 0 3 1.64232
6 23 153.285 0 3 1.02158
37 2 1303.35 0 3 1.64684
7 23 153.641 0 3 1.02236
38 2 1118.15 0 3 1.63818
8 23 154.126 0 3 1.02347
39 2 472.666 0 3 1.64604
9 23 154.764 0 3 1.02502
3 2 158.695 0 3 1.03091
40 2 672.032 0 3 1.6454
0 24 152.513 0 3 1.01995
10 24 155.109 0 3 1.02621
11 24 155.823 0 3 1.02875
12 24 156.357 0 3 1.03207
13 24 156.218 0 3 1.03623
14 24 154.628 0 3 1.04104
15 24 150.925 0 3 1.04589
16 24 145.794 0 3 1.04964
17 24 142.703 0 3 1.05082
18 24 147.991 0 3 1.04854
19 24 167.967 0 3 1.04379
41 2 503.536 0 3 1.6426
1 24 152.551 0 3 1.02002
20 24 196.747 0 3 1.03921
21 24 208.234 0 3 1.0365
22 24 170.971 0 3 1.03561
23 24 128.016 0 3 1.03695
24 24 176.542 0 3 1.03854
25 24 205.572 0 3 1.03935
26 24 184.911 0 3 1.03908
27 24 136.797 0 3 1.03861
28 24 209.917 0 3 1.03805
29 24 162.469 0 3 1.03904
42 2 289.659 0 3 1.64205
2 24 152.605 0 3 1.02014
30 24 148.262 0 3 1.03822
31 24 177.039 0 3 1.03902
32 24 167.386 0 3 1.03848
33 24 151.767 0 3 1.03856
34 24 152.381 0 3 1.03856
35 24 153.542 0 3 1.03863
36 24 159.125 0 3 1.03861
37 24 161.58 0 3 1.0387
38 24 162.171 0 3 1.03853
39 24 152.564 0 3 1.03868
43 2 348.896 0 3 1.63998
3 24 152.682 0 3 1.0203
40 24 159.249 0 3 1.03867
41 24 156.673 0 3 1.03862
42 24 154.876 0 3 1.03861
43 24 156.268 0 3 1.03857
44 24 155.352 0 3 1.03859
45 24 156.512 0 3 1.03862
46 24 156.559 0 3 1.03864
47 24 156.708 0 3 1.03863
48 24 157.425 0 3 1.03863
49 24 157.316 0 3 1.03862
44 2 249.48 0 3 1.64102
4 24 152.793 0 3 1.02053
50 24 157.49 0 3 1.03862
45 2 332.243 0 3 1.6427
5 24 152.951 0 3 1.02086
46 2 315.844 0 3 1.64373
6 24 153.172 0 3 1.02134
47 2 302.412 0 3 1.64322
7 24 153.479 0 3 1.02202
48 2 348.617 0 3 1.64318
8 24 153.896 0 3 1.02299
49 2 315.604 0 3 1.64276
9 24 154.442 0 3 1.02434
4 2 162.063 0 3 1.03591
50 2 306.148 0 3 1.64259
0 25 152.502 0 3 1.01992
10 25 154.734 0 3 1.02538
11 25 155.334 0 3 1.02758
12 25 155.77 0 3 1.03047
13 25 155.62 0 3 1.03408
14 25 154.22 0 3 1.03824
15 25 151.002 0 3 1.04244
16 25 146.514 0 3 1.04569
17 25 143.711 0 3 1.04671
18 25 148.156 0 3 1.04474
19 25 165.29 0 3 1.04062
1 25 152.535 0 3 1.01999
20 25 189.814 0 3 1.03666
21 25 199.092 0 3 1.03431
22 25 166.623 0 3 1.03354
23 25 128.758 0 3 1.0347
24 25 170.849 0 3 1.03608
25 25 195.857 0 3 1.03679
26 25 178.513 0 3 1.03655
27 25 137.029 0 3 1.03614
28 25 200.676 0 3 1.03565
29 25 159.927 0 3 1.03651
2 25 152.582 0 3 1.02009
30 25 147.951 0 3 1.0358
31 25 173.176 0 3 1.0365
32 25 165.074 0 3 1.03603
33 25 151.598 0 3 1.0361
34 25 152.251 0 3 1.03609
35 25 153.309 0 3 1.03616
36 25 158.174 0 3 1.03614
37 25 160.323 0 3 1.03622
38 25 160.848 0 3 1.03607
39 25 152.533 0 3 1.0362
3 25 152.649 0 3 1.02023
40 25 158.336 0 3 1.03619
41 25 156.107 0 3 1.03615
42 25 154.559 0 3 1.03614
43 25 155.769 0 3 1.0361
44 25 154.983 0 3 1.03612
45 25 155.993 0 3 1.03615
46 25 156.045 0 3 1.03617
47 25 156.188 0 3 1.03616
48 25 156.828 0 3 1.03616
49 25 156.763 0 3 1.03615
4 25 152.745 0 3 1.02043
50 25 156.956 0 3 1.03615
5 25 152.882 0 3 1.02072
6 25 153.074 0 3 1.02114
7 25 153.339 0 3 1.02173
8 25 153.699 0 3 1.02257
9 25 154.166 0 3 1.02375
5 2 167.593 0 3 1.04318
0 26 152.492 0 3 1.0199
10 26 154.414 0 3 1.02465
11 26 154.921 0 3 1.02656
12 26 155.279 0 3 1.02907
13 26 155.126 0 3 1.03221
14 26 153.897 0 3 1.03582
15 26 151.099 0 3 1.03946
16 26 147.176 0 3 1.04227
17 26 144.654 0 3 1.04315
18 26 148.404 0 3 1.04145
19 26 163.128 0 3 1.03788
1 26 152.521 0 3 1.01996
20 26 184.082 0 3 1.03444
21 26 191.617 0 3 1.03241
22 26 163.33 0 3 1.03175
23 26 130.014 0 3 1.03275
24 26 166.542 0 3 1.03394
25 26 188.116 0 3 1.03456
26 26 173.496 0 3 1.03435
27 26 137.681 0 3 1.034
28 26 193.087 0 3 1.03357
29 26 158.027 0 3 1.03432
2 26 152.562 0 3 1.02005
30 26 147.894 0 3 1.03371
31 26 169.984 0 3 1.03431
32 26 163.156 0 3 1.0339
33 26 151.515 0 3 1.03396
34 26 152.173 0 3 1.03396
35 26 153.129 0 3 1.03401
36 26 157.367 0 3 1.034
37 26 159.247 0 3 1.03406
38 26 159.712 0 3 1.03394
39 26 152.51 0 3 1.03405
3 26 152.62 0 3 1.02017
40 26 157.55 0 3 1.03405
41 26 155.62 0 3 1.03401
42 26 154.285 0 3 1.034
43 26 155.338 0 3 1.03397
44 26 154.663 0 3 1.03398
45 26 155.545 0 3 1.03401
46 26 155.599 0 3 1.03402
47 26 155.738 0 3 1.03401
48 26 156.312 0 3 1.03401
49 26 156.285 0 3 1.03401
4 26 152.704 0 3 1.02035
50 26 156.492 0 3 1.03401
5 26 152.823 0 3 1.0206
6 26 152.989 0 3 1.02096
7 26 153.219 0 3 1.02148
8 26 153.528 0 3 1.02221
9 26 153.93 0 3 1.02323
6 2 177.04 0 3 1.05378
0 27 152.484 0 3 1.01989
10 27 154.141 0 3 1.02402
11 27 154.571 0 3 1.02568
12 27 154.866 0 3 1.02786
13 27 154.716 0 3 1.03058
14 27 153.638 0 3 1.03372
15 27 151.206 0 3 1.03687
16 27 147.779 0 3 1.03931
17 27 145.522 0 3 1.04008
18 27 148.698 0 3 1.0386
19 27 161.371 0 3 1.03551
1 27 152.509 0 3 1.01994
20 27 179.316 0 3 1.03252
21 27 185.471 0 3 1.03076
22 27 160.83 0 3 1.03019
23 27 131.56 0 3 1.03106
24 27 163.275 0 3 1.03209
25 27 181.909 0 3 1.03263
26 27 169.54 0 3 1.03245
27 27 138.585 0 3 1.03214
28 27 186.818 0 3 1.03177
29 27 156.605 0 3 1.03242
2 27 152.544 0 3 1.02001
30 27 148.004 0 3 1.03189
31 27 167.333 0 3 1.03241
32 27 161.557 0 3 1.03205
33 27 151.491 0 3 1.03211
34 27 152.13 0 3 1.03211
35 27 152.988 0 3 1.03215
36 27 156.681 0 3 1.03214
37 27 158.325 0 3 1.0322
38 27 158.736 0 3 1.03209
39 27 152.492 0 3 1.03219
3 27 152.595 0 3 1.02012
40 27 156.872 0 3 1.03218
41 27 155.199 0 3 1.03215
42 27 154.048 0 3 1.03214
43 27 154.965 0 3 1.03211
44 27 154.386 0 3 1.03213
45 27 155.156 0 3 1.03215
46 27 155.213 0 3 1.03216
47 27 155.348 0 3 1.03215
48 27 155.865 0 3 1.03215
49 27 155.87 0 3 1.03215
4 27 152.668 0 3 1.02027
50 27 156.091 0 3 1.03215
5 27 152.771 0 3 1.02049
6 27 152.915 0 3 1.02081
7 27 153.114 0 3 1.02126
8 27 153.382 0 3 1.02189
9 27 153.727 0 3 1.02278
7 2 193.959 0 3 1.0693
0 28 152.477 0 3 1.01987
10 28 153.908 0 3 1.02347
11 28 154.273 0 3 1.02491
12 28 154.517 0 3 1.02681
13 28 154.375 0 3 1.02917
14 28 153.431 0 3 1.03189
15 28 151.315 0 3 1.03463
16 28 148.323 0 3 1.03674
17 28 146.313 0 3 1.03741
18 28 149.011 0 3 1.03613
19 28 159.935 0 3 1.03345
1 28 152.498 0 3 1.01992
20 28 175.334 0 3 1.03086
21 28 180.389 0 3 1.02933
22 28 158.925 0 3 1.02883
23 28 133.243 0 3 1.02959
24 28 160.791 0 3 1.03049
25 28 176.903 0 3 1.03095
26 28 166.403 0 3 1.03079
27 28 139.622 0 3 1.03053
28 28 181.614 0 3 1.03021
29 28 155.541 0 3 1.03077
2 28 152.529 0 3 1.01998
30 28 148.219 0 3 1.03031
31 28 165.119 0 3 1.03076
32 28 160.218 0 3 1.03045
33 28 151.505 0 3 1.0305
34 28 152.112 0 3 1.0305
35 28 152.879 0 3 1.03054
36 28 156.096 0 3 1.03053
37 28 157.532 0 3 1.03058
38 28 157.895 0 3 1.03048
39 28 152.48 0 3 1.03057
3 28 152.574 0 3 1.02007
40 28 156.287 0 3 1.03056
41 28 154.837 0 3 1.03053
42 28 153.842 0 3 1.03053
43 28 154.642 0 3 1.0305
44 28 154.145 0 3 1.03052
45 28 154.819 0 3 1.03053
46 28 154.879 0 3 1.03054
47 28 155.01 0 3 1.03054
48 28 155.477 0 3 1.03054
49 28 155.51 0 3 1.03053
4 28 152.637 0 3 1.02021
50 28 155.743 0 3 1.03053
5 28 152.726 0 3 1.0204
6 28 152.851 0 3 1.02067
7 28 153.024 0 3 1.02107
8 28 153.255 0 3 1.02162
9 28 153.552 0 3 1.02239
8 2 225.946 0 3 1.09215
0 29 152.47 0 3 1.01986
10 29 153.707 0 3 1.02299
11 29 154.018 0 3 1.02425
12 29 154.222 0 3 1.0259
13 29 154.089 0 3 1.02795
14 29 153.263 0 3 1.03031
15 29 151.423 0 3 1.03269
16 29 148.811 0 3 1.03452
17 29 147.028 0 3 1.0351
18 29 149.326 0 3 1.03399
19 29 158.754 0 3 1.03166
1 29 152.489 0 3 1.0199
20 29 171.993 0 3 1.02941
21 29 176.165 0 3 1.02808
22 29 157.471 0 3 1.02765
23 29 134.961 0 3 1.02831
24 29 158.897 0 3 1.02909
25 29 172.842 0 3 1.02949
26 29 163.901 0 3 1.02936
27 29 140.712 0 3 1.02913
28 29 177.271 0 3 1.02885
29 29 154.745 0 3 1.02934
2 29 152.516 0 3 1.01995
30 29 148.494 0 3 1.02893
31 29 163.264 0 3 1.02933
32 29 159.092 0 3 1.02906
33 29 151.544 0 3 1.0291
34 29 152.11 0 3 1.0291
35 29 152.793 0 3 1.02914
36 29 155.595 0 3 1.02913
37 29 156.85 0 3 1.02917
38 29 157.169 0 3 1.02909
39 29 152.47 0 3 1.02916
3 29 152.555 0 3 1.02003
40 29 155.781 0 3 1.02916
41 29 154.523 0 3 1.02913
42 29 153.664 0 3 1.02913
43 29 154.362 0 3 1.02911
44 29 153.936 0 3 1.02912
45 29 154.527 0 3 1.02913
46 29 154.588 0 3 1.02914
47 29 154.716 0 3 1.02914
48 29 155.141 0 3 1.02914
49 29 155.198 0 3 1.02913
4 29 152.61 0 3 1.02015
50 29 155.441 0 3 1.02913
5 29 152.687 0 3 1.02032
6 29 152.796 0 3 1.02056
7 29 152.945 0 3 1.0209
8 29 153.145 0 3 1.02138
9 29 153.402 0 3 1.02206
9 2 290.232 0 3 1.12601
0 30 152.465 0 3 1.01985
10 30 153.535 0 3 1.02257
11 30 153.801 0 3 1.02367
12 30 153.972 0 3 1.0251
13 30 153.849 0 3 1.02689
14 30 153.126 0 3 1.02894
15 30 151.525 0 3 1.031
16 30 149.247 0 3 1.03259
17 30 147.669 0 3 1.0331
18 30 149.632 0 3 1.03213
19 30 157.778 0 3 1.03011
1 30 152.481 0 3 1.01988
20 30 169.179 0 3 1.02816
21 30 172.639 0 3 1.027
22 30 156.357 0 3 1.02663
23 30 136.645 0 3 1.0272
24 30 157.45 0 3 1.02788
25 30 169.528 0 3 1.02823
26 30 161.895 0 3 1.02811
27 30 141.801 0 3 1.02791
28 30 173.631 0 3 1.02767
29 30 154.149 0 3 1.02809
2 30 152.505 0 3 1.01993
30 30 148.8 0 3 1.02774
31 30 161.701 0 3 1.02809
32 30 158.141 0 3 1.02785
33 30 151.598 0 3 1.02789
34 30 152.119 0 3 1.02789
35 30 152.725 0 3 1.02792
36 30 155.166 0 3 1.02791
37 30 156.262 0 3 1.02795
38 30 156.543 0 3 1.02788
39 30 152.463 0 3 1.02794
3 30 152.538 0 3 1.02
40 30 155.343 0 3 1.02794
41 30 154.252 0 3 1.02791
42 30 153.509 0 3 1.02791
43 30 154.119 0 3 1.02789
44 30 153.754 0 3 1.0279
45 30 154.274 0 3 1.02791
46 30 154.336 0 3 1.02792
47 30 154.461 0 3 1.02792
48 30 154.849 0 3 1.02792
49 30 154.927 0 3 1.02792
4 30 152.586 0 3 1.0201
50 30 155.178 0 3 1.02791
5 30 152.654 0 3 1.02025
6 30 152.748 0 3 1.02046
7 30 152.878 0 3 1.02075
8 30 153.051 0 3 1.02117
9 30 153.272 0 3 1.02176
0 3 154.055 0 3 1.02297
10 3 349.141 0 3 1.15343
0 31 152.46 0 3 1.01984
10 31 153.387 0 3 1.02221
11 31 153.614 0 3 1.02316
12 31 153.758 0 3 1.02441
13 31 153.646 0 3 1.02596
14 31 153.014 0 3 1.02775
15 31 151.621 0 3 1.02954
16 31 149.634 0 3 1.03092
17 31 148.241 0 3 1.03136
18 31 149.922 0 3 1.03052
19 31 156.967 0 3 1.02876
11 3 544.957 0 3 1.21679
1 31 152.474 0 3 1.01987
20 31 166.799 0 3 1.02707
21 31 169.682 0 3 1.02606
22 31 155.501 0 3 1.02574
23 31 138.253 0 3 1.02624
24 31 156.34 0 3 1.02682
25 31 166.81 0 3 1.02713
26 31 160.277 0 3 1.02703
27 31 142.853 0 3 1.02685
28 31 170.568 0 3 1.02664
29 31 153.704 0 3 1.02701
12 3 958.948 0 3 1.31167
2 31 152.495 0 3 1.01991
30 31 149.117 0 3 1.02671
31 31 160.381 0 3 1.027
32 31 157.335 0 3 1.0268
33 31 151.66 0 3 1.02683
34 31 152.135 0 3 1.02683
35 31 152.671 0 3 1.02686
36 31 154.797 0 3 1.02685
37 31 155.754 0 3 1.02689
38 31 156.001 0 3 1.02682
39 31 152.458 0 3 1.02688
13 3 1746.05 0 3 1.45305
3 31 152.524 0 3 1.01997
40 31 154.963 0 3 1.02688
41 31 154.017 0 3 1.02686
42 31 153.375 0 3 1.02685
43 31 153.908 0 3 1.02684
44 31 153.596 0 3 1.02684
45 31 154.054 0 3 1.02686
46 31 154.118 0 3 1.02686
47 31 154.239 0 3 1.02686
48 31 154.596 0 3 1.02686
49 31 154.692 0 3 1.02686
14 3 2761.53 0 3 1.65631
4 31 152.566 0 3 1.02006
50 31 154.951 0 3 1.02686
15 3 3591.39 0 3 1.9165
5 31 152.624 0 3 1.02019
16 3 5776.23 0 3 2.156
6 31 152.706 0 3 1.02037
17 3 10206.8 0 3 2.2057
7 31 152.819 0 3 1.02063
18 3 11420.1 0 3 2.03292
8 31 152.969 0 3 1.02099
19 3 10040.3 0 3 1.79775
9 31 153.16 0 3 1.0215
1 3 154.825 0 3 1.0244
20 3 14919.3 0 3 1.57005
0 32 152.456 0 3 1.01983
10 32 153.259 0 3 1.02189
11 32 153.454 0 3 1.02272
12 32 153.575 0 3 1.02381
13 32 153.474 0 3 1.02516
14 32 152.922 0 3 1.02671
15 32 151.71 0 3 1.02827
16 32 149.978 0 3 1.02947
17 32 148.75 0 3 1.02985
18 32 150.192 0 3 1.02912
19 32 156.291 0 3 1.02759
21 3 22640.4 0 3 1.44663
1 32 152.468 0 3 1.01985
20 32 164.78 0 3 1.02612
21 32 167.192 0 3 1.02525
22 32 154.842 0 3 1.02497
23 32 139.759 0 3 1.0254
24 32 155.487 0 3 1.02591
25 32 164.568 0 3 1.02617
26 32 158.966 0 3 1.02608
27 32 143.849 0 3 1.02593
28 32 167.981 0 3 1.02575
29 32 153.371 0 3 1.02607
22 3 24431.5 0 3 1.40696
2 32 152.486 0 3 1.01989
30 32 149.43 0 3 1.02581
31 32 159.262 0 3 1.02607
32 32 156.65 0 3 1.02589
33 32 151.725 0 3 1.02592
34 32 152.155 0 3 1.02592
35 32 152.628 0 3 1.02594
36 32 154.48 0 3 1.02593
37 32 155.315 0 3 1.02596
38 32 155.532 0 3 1.02591
39 32 152.454 0 3 1.02596
23 3 29760.7 0 3 1.46371
3 32 152.511 0 3 1.01995
40 32 154.634 0 3 1.02595
41 32 153.813 0 3 1.02594
42 32 153.258 0 3 1.02593
43 32 153.725 0 3 1.02592
44 32 153.458 0 3 1.02593
45 32 153.863 0 3 1.02594
46 32 153.928 0 3 1.02594
47 32 154.047 0 3 1.02594
48 32 154.376 0 3 1.02594
49 32 154.487 0 3 1.02594
24 3 32019.7 0 3 1.528
4 32 152.548 0 3 1.02002
50 32 154.753 0 3 1.02594
25 3 34626.8 0 3 1.55484
5 32 152.599 0 3 1.02013
26 3 23808.5 0 3 1.54818
6 32 152.67 0 3 1.02029
27 3 20358.4 0 3 1.52171
7 32 152.768 0 3 1.02052
28 3 20540.9 0 3 1.50789
8 32 152.898 0 3 1.02083
29 3 12930.4 0 3 1.54473
9 32 153.064 0 3 1.02128
2 3 155.986 0 3 1.02646
30 3 9197.55 0 3 1.51084
0 33 152.452 0 3 1.01982
10 33 153.149 0 3 1.02162
11 33 153.317 0 3 1.02234
12 33 153.419 0 3 1.02329
13 33 153.328 0 3 1.02446
14 33 152.846 0 3 1.02581
15 33 151.791 0 3 1.02716
16 33 150.281 0 3 1.02821
17 33 149.201 0 3 1.02854
18 33 150.44 0 3 1.0279
19 33 155.724 0 3 1.02658
31 3 7091.16 0 3 1.54225
1 33 152.463 0 3 1.01984
20 33 163.061 0 3 1.0253
21 33 165.088 0 3 1.02454
22 33 154.332 0 3 1.02429
23 33 141.15 0 3 1.02467
24 33 154.83 0 3 1.02511
25 33 162.71 0 3 1.02534
26 33 157.897 0 3 1.02527
27 33 144.775 0 3 1.02513
28 33 165.788 0 3 1.02497
29 33 153.122 0 3 1.02525
32 3 3975.5 0 3 1.51996
2 33 152.478 0 3 1.01988
30 33 149.73 0 3 1.02502
31 33 158.31 0 3 1.02525
32 33 156.066 0 3 1.0251
33 33 151.79 0 3 1.02512
34 33 152.176 0 3 1.02512
35 33 152.593 0 3 1.02514
36 33 154.207 0 3 1.02513
37 33 154.936 0 3 1.02516
38 33 155.126 0 3 1.02511
39 33 152.452 0 3 1.02515
33 3 2731.79 0 3 1.52187
3 33 152.501 0 3 1.01992
40 33 154.349 0 3 1.02515
41 33 153.637 0 3 1.02514
42 33 153.157 0 3 1.02513
43 33 153.566 0 3 1.02512
44 33 153.339 0 3 1.02513
45 33 153.697 0 3 1.02514
46 33 153.762 0 3 1.02514
47 33 153.88 0 3 1.02514
48 33 154.185 0 3 1.02514
49 33 154.31 0 3 1.02514
34 3 1521.59 0 3 1.52096
4 33 152.532 0 3 1.01999
50 33 154.581 0 3 1.02514
35 3 1080.1 0 3 1.52338
5 33 152.577 0 3 1.02009
36 3 965.278 0 3 1.52238
6 33 152.638 0 3 1.02022
37 3 902.782 0 3 1.52575
7 33 152.723 0 3 1.02042
38 3 801.675 0 3 1.51928
8 33 152.836 0 3 1.0207
39 3 336.083 0 3 1.52516
9 33 152.98 0 3 1.02108
3 3 157.769 0 3 1.02945
40 3 511.922 0 3 1.52468
0 34 152.449 0 3 1.01981
10 34 153.053 0 3 1.02138
11 34 153.198 0 3 1.02201
12 34 153.285 0 3 1.02283
13 34 153.203 0 3 1.02385
14 34 152.782 0 3 1.02503
15 34 151.865 0 3 1.0262
16 34 150.548 0 3 1.02711
17 34 149.6 0 3 1.0274
18 34 150.667 0 3 1.02685
19 34 155.247 0 3 1.02569
41 3 391.07 0 3 1.5226
1 34 152.458 0 3 1.01983
20 34 161.595 0 3 1.02458
21 34 163.304 0 3 1.02392
22 34 153.937 0 3 1.02371
23 34 142.421 0 3 1.02403
24 34 154.322 0 3 1.02442
25 34 161.164 0 3 1.02462
26 34 157.021 0 3 1.02455
27 34 145.625 0 3 1.02444
28 34 163.923 0 3 1.0243
29 34 152.936 0 3 1.02454
42 3 249.405 0 3 1.52218
2 34 152.472 0 3 1.01986
30 34 150.013 0 3 1.02434
31 34 157.497 0 3 1.02454
32 34 155.567 0 3 1.02441
33 34 151.853 0 3 1.02443
34 34 152.199 0 3 1.02443
35 34 152.566 0 3 1.02444
36 34 153.971 0 3 1.02444
37 34 154.607 0 3 1.02446
38 34 154.774 0 3 1.02442
39 34 152.45 0 3 1.02446
43 3 296.591 0 3 1.52063
3 34 152.491 0 3 1.0199
40 34 154.102 0 3 1.02445
41 34 153.484 0 3 1.02444
42 34 153.069 0 3 1.02444
43 34 153.428 0 3 1.02443
44 34 153.235 0 3 1.02443
45 34 153.553 0 3 1.02444
46 34 153.619 0 3 1.02445
47 34 153.734 0 3 1.02444
48 34 154.019 0 3 1.02444
49 34 154.155 0 3 1.02444
44 3 229.293 0 3 1.52141
4 34 152.519 0 3 1.01996
50 34 154.431 0 3 1.02444
45 3 287.666 0 3 1.52268
5 34 152.557 0 3 1.02005
46 3 277.871 0 3 1.52344
6 34 152.611 0 3 1.02017
47 3 270.267 0 3 1.52307
7 34 152.685 0 3 1.02034
48 3 302.649 0 3 1.52303
8 34 152.783 0 3 1.02058
49 3 280.356 0 3 1.52272
9 34 152.907 0 3 1.02091
4 3 160.568 0 3 1.03379
50 3 273.686 0 3 1.5226
0 35 152.446 0 3 1.01981
10 35 152.971 0 3 1.02117
11 35 153.095 0 3 1.02172
12 35 153.17 0 3 1.02243
13 35 153.097 0 3 1.02332
14 35 152.73 0 3 1.02434
15 35 151.931 0 3 1.02537
16 35 150.783 0 3 1.02616
17 35 149.952 0 3 1.02641
18 35 150.871 0 3 1.02593
19 35 154.844 0 3 1.02493
1 35 152.454 0 3 1.01983
20 35 160.341 0 3 1.02396
21 35 161.787 0 3 1.02338
22 35 153.629 0 3 1.0232
23 35 143.574 0 3 1.02348
24 35 153.928 0 3 1.02382
25 35 159.87 0 3 1.02399
26 35 156.299 0 3 1.02393
27 35 146.4 0 3 1.02383
28 35 162.334 0 3 1.02371
29 35 152.798 0 3 1.02392
2 35 152.466 0 3 1.01985
30 35 150.276 0 3 1.02375
31 35 156.803 0 3 1.02392
32 35 155.14 0 3 1.02381
33 35 151.912 0 3 1.02382
34 35 152.221 0 3 1.02382
35 35 152.543 0 3 1.02384
36 35 153.768 0 3 1.02383
37 35 154.322 0 3 1.02385
38 35 154.469 0 3 1.02382
39 35 152.448 0 3 1.02385
3 35 152.483 0 3 1.01989
40 35 153.887 0 3 1.02385
41 35 153.351 0 3 1.02384
42 35 152.993 0 3 1.02383
43 35 153.308 0 3 1.02382
44 35 153.145 0 3 1.02383
45 35 153.427 0 3 1.02384
46 35 153.494 0 3 1.02384
47 35 153.608 0 3 1.02384
48 35 153.874 0 3 1.02384
49 35 154.021 0 3 1.02384
4 35 152.507 0 3 1.01994
50 35 154.301 0 3 1.02384
5 35 152.54 0 3 1.02001
6 35 152.587 0 3 1.02011
7 35 152.651 0 3 1.02026
8 35 152.736 0 3 1.02047
9 35 152.844 0 3 1.02077
5 3 165.087 0 3 1.04009
0 36 152.444 0 3 1.0198
10 36 152.899 0 3 1.02099
11 36 153.007 0 3 1.02147
12 36 153.07 0 3 1.02209
13 36 153.006 0 3 1.02286
14 36 152.685 0 3 1.02375
15 36 151.99 0 3 1.02464
16 36 150.99 0 3 1.02533
17 36 150.261 0 3 1.02554
18 36 151.055 0 3 1.02513
19 36 154.503 0 3 1.02426
1 36 152.451 0 3 1.01982
20 36 159.266 0 3 1.02341
21 36 160.494 0 3 1.02291
22 36 153.389 0 3 1.02275
23 36 144.611 0 3 1.023
24 36 153.621 0 3 1.02329
25 36 158.784 0 3 1.02345
26 36 155.703 0 3 1.02339
27 36 147.1 0 3 1.02331
28 36 160.975 0 3 1.0232
29 36 152.695 0 3 1.02339
2 36 152.461 0 3 1.01984
30 36 150.516 0 3 1.02324
31 36 156.208 0 3 1.02338
32 36 154.773 0 3 1.02328
33 36 151.968 0 3 1.0233
34 36 152.242 0 3 1.0233
35 36 152.525 0 3 1.02331
36 36 153.592 0 3 1.02331
37 36 154.075 0 3 1.02332
38 36 154.204 0 3 1.02329
39 36 152.447 0 3 1.02332
3 36 152.476 0 3 1.01987
40 36 153.7 0 3 1.02332
41 36 153.235 0 3 1.02331
42 36 152.926 0 3 1.02331
43 36 153.203 0 3 1.0233
44 36 153.066 0 3 1.0233
45 36 153.318 0 3 1.02331
46 36 153.386 0 3 1.02331
47 36 153.498 0 3 1.02331
48 36 153.749 0 3 1.02331
49 36 153.904 0 3 1.02331
4 36 152.497 0 3 1.01992
50 36 154.188 0 3 1.02331
5 36 152.526 0 3 1.01998
6 36 152.567 0 3 1.02007
7 36 152.622 0 3 1.0202
8 36 152.696 0 3 1.02038
9 36 152.79 0 3 1.02064
6 3 172.643 0 3 1.04925
0 37 152.442 0 3 1.0198
10 37 152.837 0 3 1.02083
11 37 152.93 0 3 1.02125
12 37 152.985 0 3 1.02179
13 37 152.927 0 3 1.02246
14 37 152.648 0 3 1.02324
15 37 152.043 0 3 1.02401
16 37 151.171 0 3 1.02461
17 37 150.533 0 3 1.0248
18 37 151.219 0 3 1.02444
19 37 154.213 0 3 1.02368
1 37 152.448 0 3 1.01981
20 37 158.343 0 3 1.02294
21 37 159.388 0 3 1.02251
22 37 153.2 0 3 1.02237
23 37 145.54 0 3 1.02258
24 37 153.382 0 3 1.02284
25 37 157.869 0 3 1.02297
26 37 155.206 0 3 1.02293
27 37 147.728 0 3 1.02285
28 37 159.812 0 3 1.02276
29 37 152.619 0 3 1.02292
2 37 152.457 0 3 1.01983
30 37 150.735 0 3 1.02279
31 37 155.698 0 3 1.02292
32 37 154.458 0 3 1.02283
33 37 152.019 0 3 1.02284
34 37 152.262 0 3 1.02284
35 37 152.51 0 3 1.02285
36 37 153.439 0 3 1.02285
37 37 153.861 0 3 1.02286
38 37 153.974 0 3 1.02284
39 37 152.446 0 3 1.02286
3 37 152.47 0 3 1.01986
40 37 153.538 0 3 1.02286
41 37 153.135 0 3 1.02285
42 37 152.868 0 3 1.02285
43 37 153.112 0 3 1.02284
44 37 152.998 0 3 1.02285
45 37 153.223 0 3 1.02285
46 37 153.291 0 3 1.02285
47 37 153.402 0 3 1.02285
48 37 153.64 0 3 1.02285
49 37 153.802 0 3 1.02285
4 37 152.488 0 3 1.0199
50 37 154.089 0 3 1.02285
5 37 152.513 0 3 1.01995
6 37 152.549 0 3 1.02003
7 37 152.597 0 3 1.02014
8 37 152.661 0 3 1.0203
9 37 152.743 0 3 1.02053
7 3 185.81 0 3 1.06261
0 38 152.44 0 3 1.0198
10 38 152.784 0 3 1.0207
11 38 152.864 0 3 1.02106
12 38 152.911 0 3 1.02153
13 38 152.86 0 3 1.02212
14 38 152.617 0 3 1.02279
15 38 152.09 0 3 1.02346
16 38 151.33 0 3 1.02398
17 38 150.772 0 3 1.02415
18 38 151.365 0 3 1.02383
19 38 153.965 0 3 1.02317
1 38 152.445 0 3 1.01981
20 38 157.549 0 3 1.02253
21 38 158.441 0 3 1.02215
22 38 153.052 0 3 1.02203
23 38 146.369 0 3 1.02222
24 38 153.194 0 3 1.02244
25 38 157.095 0 3 1.02256
26 38 154.792 0 3 1.02252
27 38 148.29 0 3 1.02245
28 38 158.813 0 3 1.02237
29 38 152.563 0 3 1.02251
2 38 152.453 0 3 1.01982
30 38 150.932 0 3 1.0224
31 38 155.258 0 3 1.02251
32 38 154.186 0 3 1.02243
33 38 152.066 0 3 1.02244
34 38 152.28 0 3 1.02244
35 38 152.497 0 3 1.02245
36 38 153.307 0 3 1.02245
37 38 153.675 0 3 1.02246
38 38 153.774 0 3 1.02244
39 38 152.446 0 3 1.02246
3 38 152.464 0 3 1.01985
40 38 153.397 0 3 1.02246
41 38 153.048 0 3 1.02245
42 38 152.818 0 3 1.02245
43 38 153.034 0 3 1.02245
44 38 152.938 0 3 1.02245
45 38 153.141 0 3 1.02245
46 38 153.209 0 3 1.02246
47 38 153.319 0 3 1.02245
48 38 153.545 0 3 1.02245
49 38 153.714 0 3 1.02245
4 38 152.48 0 3 1.01988
50 38 154.004 0 3 1.02245
5 38 152.502 0 3 1.01993
6 38 152.533 0 3 1.02
7 38 152.575 0 3 1.0201
8 38 152.631 0 3 1.02023
9 38 152.702 0 3 1.02043
8 3 209.851 0 3 1.08215
0 39 152.438 0 3 1.01979
10 39 152.737 0 3 1.02058
11 39 152.807 0 3 1.02089
12 39 152.847 0 3 1.0213
13 39 152.802 0 3 1.02181
14 39 152.59 0 3 1.0224
15 39 152.131 0 3 1.02298
16 39 151.469 0 3 1.02344
17 39 150.981 0 3 1.02358
18 39 151.495 0 3 1.02331
19 39 153.754 0 3 1.02273
1 39 152.443 0 3 1.0198
20 39 156.865 0 3 1.02217
21 39 157.628 0 3 1.02185
22 39 152.934 0 3 1.02174
23 39 147.106 0 3 1.0219
24 39 153.046 0 3 1.0221
25 39 156.439 0 3 1.0222
26 39 154.445 0 3 1.02216
27 39 148.79 0 3 1.02211
28 39 157.954 0 3 1.02204
29 39 152.522 0 3 1.02216
2 39 152.45 0 3 1.01982
30 39 151.109 0 3 1.02206
31 39 154.88 0 3 1.02215
32 39 153.952 0 3 1.02209
33 39 152.108 0 3 1.0221
34 39 152.297 0 3 1.0221
35 39 152.487 0 3 1.02211
36 39 153.193 0 3 1.02211
37 39 153.514 0 3 1.02212
38 39 153.601 0 3 1.0221
39 39 152.445 0 3 1.02211
3 39 152.459 0 3 1.01984
40 39 153.274 0 3 1.02211
41 39 152.972 0 3 1.02211
42 39 152.774 0 3 1.0221
43 39 152.965 0 3 1.0221
44 39 152.886 0 3 1.0221
45 39 153.069 0 3 1.02211
46 39 153.137 0 3 1.02211
47 39 153.246 0 3 1.02211
48 39 153.462 0 3 1.02211
49 39 153.637 0 3 1.02211
4 39 152.473 0 3 1.01987
50 39 153.929 0 3 1.02211
5 39 152.492 0 3 1.01991
6 39 152.519 0 3 1.01997
7 39 152.556 0 3 1.02005
8 39 152.604 0 3 1.02017
9 39 152.666 0 3 1.02034
9 3 256.002 0 3 1.1109
0 40 152.437 0 3 1.01979
10 40 152.697 0 3 1.02047
11 40 152.757 0 3 1.02075
12 40 152.792 0 3 1.0211
13 40 152.752 0 3 1.02155
14 40 152.567 0 3 1.02206
15 40 152.168 0 3 1.02257
16 40 151.591 0 3 1.02296
17 40 151.165 0 3 1.02309
18 40 151.61 0 3 1.02285
19 40 153.573 0 3 1.02235
1 40 152.441 0 3 1.0198
20 40 156.275 0 3 1.02186
21 40 156.928 0 3 1.02158
22 40 152.841 0 3 1.02149
23 40 147.758 0 3 1.02163
24 40 152.929 0 3 1.02179
25 40 155.88 0 3 1.02188
26 40 154.153 0 3 1.02185
27 40 149.234 0 3 1.0218
28 40 157.215 0 3 1.02174
29 40 152.492 0 3 1.02185
2 40 152.447 0 3 1.01981
30 40 151.267 0 3 1.02176
31 40 154.554 0 3 1.02185
32 40 153.75 0 3 1.02179
33 40 152.146 0 3 1.0218
34 40 152.312 0 3 1.0218
35 40 152.479 0 3 1.02181
36 40 153.093 0 3 1.0218
37 40 153.374 0 3 1.02181
38 40 153.45 0 3 1.02179
39 40 152.445 0 3 1.02181
3 40 152.455 0 3 1.01983
40 40 153.168 0 3 1.02181
41 40 152.906 0 3 1.0218
42 40 152.736 0 3 1.0218
43 40 152.905 0 3 1.0218
44 40 152.841 0 3 1.0218
45 40 153.006 0 3 1.0218
46 40 153.075 0 3 1.02181
47 40 153.183 0 3 1.02181
48 40 153.39 0 3 1.02181
49 40 153.57 0 3 1.0218
4 40 152.467 0 3 1.01985
50 40 153.864 0 3 1.0218
5 40 152.484 0 3 1.01989
6 40 152.507 0 3 1.01994
7 40 152.539 0 3 1.02002
8 40 152.582 0 3 1.02012
9 40 152.635 0 3 1.02027
0 4 153.836 0 3 1.02255
10 4 296.266 0 3 1.13398
0 41 152.436 0 3 1.01979
10 41 152.662 0 3 1.02038
11 41 152.714 0 3 1.02062
12 41 152.744 0 3 1.02093
13 41 152.709 0 3 1.02132
14 41 152.548 0 3 1.02176
15 41 152.2 0 3 1.02221
16 41 151.698 0 3 1.02255
17 41 151.325 0 3 1.02266
18 41 151.711 0 3 1.02245
19 41 153.418 0 3 1.02201
11 4 422.355 0 3 1.18662
1 41 152.439 0 3 1.0198
20 41 155.765 0 3 1.02159
21 41 156.326 0 3 1.02134
22 41 152.766 0 3 1.02126
23 41 148.334 0 3 1.02139
24 41 152.836 0 3 1.02153
25 41 155.403 0 3 1.02161
26 41 153.906 0 3 1.02158
27 41 149.627 0 3 1.02154
28 41 156.577 0 3 1.02149
29 41 152.47 0 3 1.02158
12 4 662.064 0 3 1.26374
2 41 152.444 0 3 1.01981
30 41 151.408 0 3 1.0215
31 41 154.272 0 3 1.02158
32 41 153.575 0 3 1.02153
33 41 152.179 0 3 1.02154
34 41 152.326 0 3 1.02154
35 41 152.472 0 3 1.02154
36 41 153.007 0 3 1.02154
37 41 153.252 0 3 1.02155
38 41 153.319 0 3 1.02153
39 41 152.445 0 3 1.02155
13 4 1054.89 0 3 1.37511
3 41 152.452 0 3 1.01982
40 41 153.075 0 3 1.02155
41 41 152.849 0 3 1.02154
42 41 152.703 0 3 1.02154
43 41 152.853 0 3 1.02154
44 41 152.802 0 3 1.02154
45 41 152.952 0 3 1.02154
46 41 153.021 0 3 1.02154
47 41 153.128 0 3 1.02154
48 41 153.327 0 3 1.02154
49 41 153.512 0 3 1.02154
14 4 1470.19 0 3 1.52858
4 41 152.462 0 3 1.01984
50 41 153.808 0 3 1.02154
15 4 1733 0 3 1.71527
5 41 152.477 0 3 1.01988
16 4 2596.51 0 3 1.87959
6 41 152.497 0 3 1.01992
17 4 4577.93 0 3 1.9177
7 41 152.525 0 3 1.01999
18 4 5450.36 0 3 1.80303
8 41 152.562 0 3 1.02008
19 4 5470.52 0 3 1.62887
9 41 152.608 0 3 1.02021
1 4 154.496 0 3 1.0238
20 4 8786.3 0 3 1.46518
0 42 152.435 0 3 1.01979
10 42 152.631 0 3 1.0203
11 42 152.677 0 3 1.02051
12 42 152.702 0 3 1.02078
13 42 152.672 0 3 1.02112
14 42 152.531 0 3 1.0215
15 42 152.229 0 3 1.02189
16 42 151.791 0 3 1.02219
17 42 151.466 0 3 1.02228
18 42 151.8 0 3 1.0221
19 42 153.285 0 3 1.02172
21 4 13444.5 0 3 1.37272
1 42 152.438 0 3 1.01979
20 42 155.324 0 3 1.02136
21 42 155.807 0 3 1.02114
22 42 152.707 0 3 1.02107
23 42 148.843 0 3 1.02118
24 42 152.762 0 3 1.02131
25 42 154.996 0 3 1.02137
26 42 153.697 0 3 1.02135
27 42 149.974 0 3 1.02131
28 42 156.027 0 3 1.02127
29 42 152.454 0 3 1.02135
22 4 14229.1 0 3 1.34174
2 42 152.442 0 3 1.0198
30 42 151.532 0 3 1.02128
31 42 154.028 0 3 1.02134
32 42 153.424 0 3 1.0213
33 42 152.21 0 3 1.02131
34 42 152.338 0 3 1.02131
35 42 152.466 0 3 1.02131
36 42 152.932 0 3 1.02131
37 42 153.146 0 3 1.02132
38 42 153.205 0 3 1.02131
39 42 152.445 0 3 1.02132
23 4 16979 0 3 1.38486
3 42 152.449 0 3 1.01981
40 42 152.994 0 3 1.02132
41 42 152.799 0 3 1.02131
42 42 152.674 0 3 1.02131
43 42 152.808 0 3 1.02131
44 42 152.768 0 3 1.02131
45 42 152.905 0 3 1.02131
46 42 152.974 0 3 1.02131
47 42 153.081 0 3 1.02131
48 42 153.273 0 3 1.02131
49 42 153.461 0 3 1.02131
24 4 18434.1 0 3 1.43457
4 42 152.458 0 3 1.01983
50 42 153.759 0 3 1.02131
25 4 20192.2 0 3 1.45541
5 42 152.47 0 3 1.01986
26 4 14311 0 3 1.45009
6 42 152.488 0 3 1.0199
27 4 11898.5 0 3 1.43101
7 42 152.512 0 3 1.01996
28 4 12495.3 0 3 1.41928
8 42 152.544 0 3 1.02004
29 4 7871.06 0 3 1.44767
9 42 152.585 0 3 1.02015
2 4 155.486 0 3 1.02559
30 4 5523.02 0 3 1.42198
0 43 152.434 0 3 1.01978
10 43 152.605 0 3 1.02023
11 43 152.644 0 3 1.02042
12 43 152.666 0 3 1.02065
13 43 152.64 0 3 1.02094
14 43 152.517 0 3 1.02128
15 43 152.254 0 3 1.02162
16 43 151.872 0 3 1.02188
17 43 151.588 0 3 1.02196
18 43 151.879 0 3 1.0218
19 43 153.17 0 3 1.02147
31 4 4497.49 0 3 1.44612
1 43 152.436 0 3 1.01979
20 43 154.943 0 3 1.02115
21 43 155.359 0 3 1.02096
22 43 152.658 0 3 1.0209
23 43 149.291 0 3 1.021
24 43 152.703 0 3 1.02111
25 43 154.646 0 3 1.02116
26 43 153.519 0 3 1.02115
27 43 150.279 0 3 1.02111
28 43 155.551 0 3 1.02107
29 43 152.443 0 3 1.02114
32 4 2562.87 0 3 1.42912
2 43 152.44 0 3 1.0198
30 43 151.643 0 3 1.02109
31 43 153.818 0 3 1.02114
32 43 153.293 0 3 1.0211
33 43 152.236 0 3 1.02111
34 43 152.349 0 3 1.02111
35 43 152.461 0 3 1.02111
36 43 152.867 0 3 1.02111
37 43 153.054 0 3 1.02112
38 43 153.106 0 3 1.02111
39 43 152.445 0 3 1.02112
33 4 1708.98 0 3 1.43074
3 43 152.446 0 3 1.01981
40 43 152.924 0 3 1.02112
41 43 152.756 0 3 1.02111
42 43 152.649 0 3 1.02111
43 43 152.769 0 3 1.02111
44 43 152.738 0 3 1.02111
45 43 152.864 0 3 1.02111
46 43 152.933 0 3 1.02111
47 43 153.039 0 3 1.02111
48 43 153.226 0 3 1.02111
49 43 153.417 0 3 1.02111
34 4 981.595 0 3 1.43014
4 43 152.454 0 3 1.01983
50 43 153.716 0 3 1.02111
35 4 720.483 0 3 1.43207
5 43 152.465 0 3 1.01985
36 4 696.796 0 3 1.43134
6 43 152.48 0 3 1.01988
37 4 668.18 0 3 1.43394
7 43 152.501 0 3 1.01993
38 4 610.531 0 3 1.42895
8 43 152.529 0 3 1.02
39 4 263.366 0 3 1.43348
9 43 152.564 0 3 1.0201
3 4 156.993 0 3 1.02819
40 4 413.068 0 3 1.43312
0 44 152.433 0 3 1.01978
10 44 152.582 0 3 1.02017
11 44 152.616 0 3 1.02033
12 44 152.635 0 3 1.02054
13 44 152.612 0 3 1.02079
14 44 152.505 0 3 1.02109
15 44 152.275 0 3 1.02138
16 44 151.943 0 3 1.0216
17 44 151.696 0 3 1.02168
18 44 151.948 0 3 1.02154
19 44 153.071 0 3 1.02125
41 4 323.065 0 3 1.43152
1 44 152.435 0 3 1.01979
20 44 154.613 0 3 1.02097
21 44 154.971 0 3 1.02081
22 44 152.619 0 3 1.02076
23 44 149.684 0 3 1.02084
24 44 152.655 0 3 1.02093
25 44 154.347 0 3 1.02098
26 44 153.368 0 3 1.02097
27 44 150.548 0 3 1.02094
28 44 155.139 0 3 1.0209
29 44 152.435 0 3 1.02097
42 4 224.556 0 3 1.43119
2 44 152.439 0 3 1.01979
30 44 151.74 0 3 1.02092
31 44 153.635 0 3 1.02096
32 44 153.18 0 3 1.02093
33 44 152.26 0 3 1.02094
34 44 152.359 0 3 1.02094
35 44 152.457 0 3 1.02094
36 44 152.811 0 3 1.02094
37 44 152.974 0 3 1.02094
38 44 153.019 0 3 1.02093
39 44 152.445 0 3 1.02094
43 4 262.298 0 3 1.43
3 44 152.444 0 3 1.0198
40 44 152.863 0 3 1.02094
41 44 152.718 0 3 1.02094
42 44 152.627 0 3 1.02094
43 44 152.734 0 3 1.02094
44 44 152.712 0 3 1.02094
45 44 152.828 0 3 1.02094
46 44 152.897 0 3 1.02094
47 44 153.003 0 3 1.02094
48 44 153.184 0 3 1.02094
49 44 153.378 0 3 1.02094
44 4 214.709 0 3 1.4306
4 44 152.45 0 3 1.01982
50 44 153.679 0 3 1.02094
45 4 257.55 0 3 1.43158
5 44 152.46 0 3 1.01984
46 4 251.428 0 3 1.43217
6 44 152.473 0 3 1.01987
47 4 246.997 0 3 1.43188
7 44 152.492 0 3 1.01991
48 4 270.615 0 3 1.43185
8 44 152.516 0 3 1.01997
49 4 254.897 0 3 1.43161
9 44 152.546 0 3 1.02006
4 4 159.33 0 3 1.03196
50 4 250.042 0 3 1.43151
0 45 152.432 0 3 1.01978
10 45 152.562 0 3 1.02012
11 45 152.592 0 3 1.02026
12 45 152.608 0 3 1.02044
13 45 152.588 0 3 1.02066
14 45 152.495 0 3 1.02092
15 45 152.295 0 3 1.02117
16 45 152.005 0 3 1.02137
17 45 151.789 0 3 1.02143
18 45 152.008 0 3 1.02131
19 45 152.986 0 3 1.02106
1 45 152.434 0 3 1.01978
20 45 154.326 0 3 1.02082
21 45 154.636 0 3 1.02068
22 45 152.588 0 3 1.02063
23 45 150.03 0 3 1.0207
24 45 152.617 0 3 1.02078
25 45 154.089 0 3 1.02083
26 45 153.239 0 3 1.02081
27 45 150.784 0 3 1.02079
28 45 154.783 0 3 1.02076
29 45 152.43 0 3 1.02081
2 45 152.437 0 3 1.01979
30 45 151.826 0 3 1.02077
31 45 153.477 0 3 1.02081
32 45 153.082 0 3 1.02078
33 45 152.281 0 3 1.02079
34 45 152.368 0 3 1.02079
35 45 152.453 0 3 1.02079
36 45 152.762 0 3 1.02079
37 45 152.904 0 3 1.02079
38 45 152.944 0 3 1.02078
39 45 152.445 0 3 1.02079
3 45 152.441 0 3 1.0198
40 45 152.81 0 3 1.02079
41 45 152.685 0 3 1.02079
42 45 152.608 0 3 1.02079
43 45 152.704 0 3 1.02079
44 45 152.689 0 3 1.02079
45 45 152.796 0 3 1.02079
46 45 152.866 0 3 1.02079
47 45 152.971 0 3 1.02079
48 45 153.148 0 3 1.02079
49 45 153.345 0 3 1.02079
4 45 152.447 0 3 1.01981
50 45 153.646 0 3 1.02079
5 45 152.456 0 3 1.01983
6 45 152.468 0 3 1.01986
7 45 152.483 0 3 1.01989
8 45 152.505 0 3 1.01995
9 45 152.531 0 3 1.02002
5 4 163.048 0 3 1.03742
0 46 152.432 0 3 1.01978
10 46 152.544 0 3 1.02008
11 46 152.57 0 3 1.0202
12 46 152.585 0 3 1.02035
13 46 152.567 0 3 1.02055
14 46 152.486 0 3 1.02077
15 46 152.312 0 3 1.02099
16 46 152.06 0 3 1.02116
17 46 151.871 0 3 1.02122
18 46 152.061 0 3 1.02111
19 46 152.912 0 3 1.02089
1 46 152.433 0 3 1.01978
20 46 154.078 0 3 1.02068
21 46 154.346 0 3 1.02056
22 46 152.562 0 3 1.02052
23 46 150.332 0 3 1.02058
24 46 152.585 0 3 1.02065
25 46 153.867 0 3 1.02069
26 46 153.128 0 3 1.02068
27 46 150.991 0 3 1.02066
28 46 154.474 0 3 1.02063
29 46 152.426 0 3 1.02068
2 46 152.436 0 3 1.01979
30 46 151.901 0 3 1.02064
31 46 153.34 0 3 1.02068
32 46 152.996 0 3 1.02065
33 46 152.3 0 3 1.02065
34 46 152.376 0 3 1.02065
35 46 152.45 0 3 1.02066
36 46 152.719 0 3 1.02066
37 46 152.843 0 3 1.02066
38 46 152.879 0 3 1.02065
39 46 152.445 0 3 1.02066
3 46 152.44 0 3 1.0198
40 46 152.764 0 3 1.02066
41 46 152.656 0 3 1.02066
42 46 152.592 0 3 1.02066
43 46 152.678 0 3 1.02066
44 46 152.67 0 3 1.02066
45 46 152.769 0 3 1.02066
46 46 152.839 0 3 1.02066
47 46 152.944 0 3 1.02066
48 46 153.117 0 3 1.02066
49 46 153.316 0 3 1.02066
4 46 152.445 0 3 1.01981
50 46 153.618 0 3 1.02066
5 46 152.452 0 3 1.01982
6 46 152.462 0 3 1.01985
7 46 152.476 0 3 1.01988
8 46 152.495 0 3 1.01992
9 46 152.518 0 3 1.01999
6 4 169.145 0 3 1.04534
0 47 152.431 0 3 1.01978
10 47 152.529 0 3 1.02004
11 47 152.552 0 3 1.02014
12 47 152.564 0 3 1.02028
13 47 152.549 0 3 1.02045
14 47 152.478 0 3 1.02064
15 47 152.326 0 3 1.02083
16 47 152.107 0 3 1.02098
17 47 151.942 0 3 1.02103
18 47 152.108 0 3 1.02094
19 47 152.848 0 3 1.02075
1 47 152.433 0 3 1.01978
20 47 153.862 0 3 1.02057
21 47 154.094 0 3 1.02046
22 47 152.54 0 3 1.02042
23 47 150.598 0 3 1.02048
24 47 152.56 0 3 1.02054
25 47 153.675 0 3 1.02057
26 47 153.033 0 3 1.02056
27 47 151.173 0 3 1.02054
28 47 154.206 0 3 1.02052
29 47 152.424 0 3 1.02056
2 47 152.435 0 3 1.01979
30 47 151.968 0 3 1.02053
31 47 153.221 0 3 1.02056
32 47 152.922 0 3 1.02054
33 47 152.316 0 3 1.02054
34 47 152.382 0 3 1.02054
35 47 152.447 0 3 1.02054
36 47 152.682 0 3 1.02054
37 47 152.791 0 3 1.02055
38 47 152.822 0 3 1.02054
39 47 152.445 0 3 1.02055
3 47 152.438 0 3 1.01979
40 47 152.724 0 3 1.02055
41 47 152.631 0 3 1.02054
42 47 152.577 0 3 1.02054
43 47 152.656 0 3 1.02054
44 47 152.653 0 3 1.02054
45 47 152.746 0 3 1.02054
46 47 152.816 0 3 1.02054
47 47 152.92 0 3 1.02054
48 47 153.09 0 3 1.02054
49 47 153.29 0 3 1.02054
4 47 152.443 0 3 1.0198
50 47 153.593 0 3 1.02054
5 47 152.449 0 3 1.01982
6 47 152.458 0 3 1.01984
7 47 152.47 0 3 1.01986
8 47 152.486 0 3 1.0199
9 47 152.506 0 3 1.01996
7 4 179.508 0 3 1.05685
0 48 152.431 0 3 1.01978
10 48 152.516 0 3 1.02
11 48 152.536 0 3 1.02009
12 48 152.546 0 3 1.02021
13 48 152.533 0 3 1.02036
14 48 152.471 0 3 1.02053
15 48 152.339 0 3 1.0207
16 48 152.148 0 3 1.02083
17 48 152.005 0 3 1.02087
18 48 152.148 0 3 1.02079
19 48 152.793 0 3 1.02062
1 48 152.432 0 3 1.01978
20 48 153.675 0 3 1.02046
21 48 153.876 0 3 1.02037
22 48 152.523 0 3 1.02034
23 48 150.83 0 3 1.02038
24 48 152.539 0 3 1.02044
25 48 153.51 0 3 1.02047
26 48 152.952 0 3 1.02046
27 48 151.332 0 3 1.02044
28 48 153.974 0 3 1.02042
29 48 152.422 0 3 1.02046
2 48 152.434 0 3 1.01978
30 48 152.026 0 3 1.02043
31 48 153.117 0 3 1.02046
32 48 152.858 0 3 1.02044
33 48 152.33 0 3 1.02044
34 48 152.388 0 3 1.02044
35 48 152.445 0 3 1.02044
36 48 152.65 0 3 1.02044
37 48 152.745 0 3 1.02045
38 48 152.773 0 3 1.02044
39 48 152.445 0 3 1.02045
3 48 152.437 0 3 1.01979
40 48 152.689 0 3 1.02045
41 48 152.61 0 3 1.02044
42 48 152.565 0 3 1.02044
43 48 152.636 0 3 1.02044
44 48 152.638 0 3 1.02044
45 48 152.725 0 3 1.02044
46 48 152.795 0 3 1.02044
47 48 152.899 0 3 1.02044
48 48 153.066 0 3 1.02044
49 48 153.268 0 3 1.02044
4 48 152.441 0 3 1.0198
50 48 153.572 0 3 1.02044
5 48 152.446 0 3 1.01981
6 48 152.454 0 3 1.01983
7 48 152.464 0 3 1.01985
8 48 152.478 0 3 1.01989
9 48 152.496 0 3 1.01994
8 4 197.842 0 3 1.07362
0 49 152.43 0 3 1.01978
10 49 152.505 0 3 1.01997
11 49 152.522 0 3 1.02005
12 49 152.531 0 3 1.02016
13 49 152.519 0 3 1.02028
14 49 152.465 0 3 1.02043
15 49 152.35 0 3 1.02058
16 49 152.184 0 3 1.02069
17 49 152.059 0 3 1.02072
18 49 152.184 0 3 1.02066
19 49 152.745 0 3 1.02051
1 49 152.431 0 3 1.01978
20 49 153.513 0 3 1.02037
21 49 153.687 0 3 1.02029
22 49 152.508 0 3 1.02026
23 49 151.034 0 3 1.02031
24 49 152.521 0 3 1.02035
25 49 153.367 0 3 1.02038
26 49 152.881 0 3 1.02037
27 49 151.472 0 3 1.02036
28 49 153.772 0 3 1.02034
29 49 152.422 0 3 1.02037
2 49 152.433 0 3 1.01978
30 49 152.077 0 3 1.02034
31 49 153.028 0 3 1.02037
32 49 152.802 0 3 1.02035
33 49 152.343 0 3 1.02035
34 49 152.394 0 3 1.02035
35 49 152.443 0 3 1.02036
36 49 152.622 0 3 1.02036
37 49 152.705 0 3 1.02036
38 49 152.73 0 3 1.02035
39 49 152.445 0 3 1.02036
3 49 152.436 0 3 1.01979
40 49 152.658 0 3 1.02036
41 49 152.591 0 3 1.02036
42 49 152.554 0 3 1.02036
43 49 152.619 0 3 1.02035
44 49 152.625 0 3 1.02036
45 49 152.707 0 3 1.02036
46 49 152.777 0 3 1.02036
47 49 152.881 0 3 1.02036
48 49 153.045 0 3 1.02036
49 49 153.249 0 3 1.02036
4 49 152.439 0 3 1.01979
50 49 153.553 0 3 1.02036
5 49 152.444 0 3 1.01981
6 49 152.451 0 3 1.01982
7 49 152.46 0 3 1.01984
8 49 152.472 0 3 1.01987
9 49 152.487 0 3 1.01991
9 4 231.64 0 3 1.09811
0 50 152.43 0 3 1.01978
10 50 152.495 0 3 1.01995
11 50 152.509 0 3 1.02002
12 50 152.518 0 3 1.02011
13 50 152.507 0 3 1.02022
14 50 152.46 0 3 1.02034
15 50 152.36 0 3 1.02047
16 50 152.215 0 3 1.02057
17 50 152.106 0 3 1.0206
18 50 152.215 0 3 1.02054
19 50 152.703 0 3 1.02042
1 50 152.431 0 3 1.01978
20 50 153.372 0 3 1.0203
21 50 153.523 0 3 1.02022
22 50 152.496 0 3 1.0202
23 50 151.211 0 3 1.02024
24 50 152.507 0 3 1.02028
25 50 153.243 0 3 1.0203
26 50 152.821 0 3 1.02029
27 50 151.593 0 3 1.02028
28 50 153.597 0 3 1.02027
29 50 152.421 0 3 1.02029
2 50 152.432 0 3 1.01978
30 50 152.121 0 3 1.02027
31 50 152.95 0 3 1.02029
32 50 152.754 0 3 1.02028
33 50 152.354 0 3 1.02028
34 50 152.398 0 3 1.02028
35 50 152.442 0 3 1.02028
36 50 152.598 0 3 1.02028
37 50 152.67 0 3 1.02028
38 50 152.692 0 3 1.02028
39 50 152.445 0 3 1.02028
3 50 152.435 0 3 1.01979
40 50 152.632 0 3 1.02028
41 50 152.575 0 3 1.02028
42 50 152.544 0 3 1.02028
43 50 152.604 0 3 1.02028
44 50 152.613 0 3 1.02028
45 50 152.691 0 3 1.02028
46 50 152.762 0 3 1.02028
47 50 152.865 0 3 1.02028
48 50 153.027 0 3 1.02028
49 50 153.232 0 3 1.02028
4 50 152.438 0 3 1.01979
50 50 153.537 0 3 1.02028
5 50 152.442 0 3 1.0198
6 50 152.448 0 3 1.01981
7 50 152.456 0 3 1.01983
8 50 152.466 0 3 1.01986
9 50 152.479 0 3 1.0199
0 5 153.647 0 3 1.02219
10 5 259.864 0 3 1.11763
11 5 344.018 0 3 1.16169
12 5 490.794 0 3 1.22508
13 5 704.578 0 3 1.31437
14 5 893.979 0 3 1.43349
15 5 974.547 0 3 1.57305
16 5 1350.36 0 3 1.69222
17 5 2345.52 0 3 1.722
18 5 2952.81 0 3 1.64091
19 5 3325.98 0 3 1.50841
1 5 154.214 0 3 1.02327
20 5 5589.8 0 3 1.38534
21 5 8543 0 3 1.31408
22 5 8808.27 0 3 1.28965
23 5 10277.9 0 3 1.32321
24 5 11352.2 0 3 1.36231
25 5 12600.6 0 3 1.37901
26 5 9103.48 0 3 1.37458
27 5 7333.77 0 3 1.36032
28 5 8056.83 0 3 1.3504
29 5 5042 0 3 1.3728
2 5 155.06 0 3 1.02484
30 5 3487.29 0 3 1.35282
31 5 3003.67 0 3 1.37178
32 5 1742.89 0 3 1.35851
33 5 1130.86 0 3 1.35988
34 5 675.473 0 3 1.35948
35 5 515.307 0 3 1.36103
36 5 531.21 0 3 1.36048
37 5 521.593 0 3 1.36252
38 5 487.931 0 3 1.3586
39 5 222.128 0 3 1.36217
3 5 156.338 0 3 1.0271
40 5 348.176 0 3 1.36188
41 5 279.191 0 3 1.36063
42 5 208.064 0 3 1.36036
43 5 238.509 0 3 1.35943
44 5 203.687 0 3 1.3599
45 5 236.104 0 3 1.36068
46 5 232.14 0 3 1.36114
47 5 229.527 0 3 1.36091
48 5 247.296 0 3 1.36089
49 5 235.838 0 3 1.3607
4 5 158.3 0 3 1.03037
50 5 232.221 0 3 1.36062
5 5 161.378 0 3 1.0351
6 5 166.336 0 3 1.04196
7 5 174.575 0 3 1.05189
8 5 188.742 0 3 1.06631
9 5 213.926 0 3 1.08724
0 6 153.485 0 3 1.02188
10 6 234.14 0 3 1.10382
11 6 291.968 0 3 1.14091
12 6 385.764 0 3 1.19349
13 6 509.409 0 3 1.26609
14 6 601 0 3 1.3605
15 6 614.825 0 3 1.46799
16 6 783.226 0 3 1.55782
17 6 1320.98 0 3 1.58147
18 6 1746.1 0 3 1.52154
19 6 2173.92 0 3 1.41841
1 6 153.973 0 3 1.02282
20 6 3756.53 0 3 1.32294
21 6 5700.13 0 3 1.26685
22 6 5702.99 0 3 1.24741
23 6 6483.73 0 3 1.27402
24 6 7330.75 0 3 1.30524
25 6 8248.95 0 3 1.31887
26 6 6035.25 0 3 1.31512
27 6 4697.24 0 3 1.30416
28 6 5427.93 0 3 1.29579
29 6 3357.73 0 3 1.31378
2 6 154.697 0 3 1.02418
30 6 2290.32 0 3 1.29792
31 6 2091.47 0 3 1.31307
32 6 1239.41 0 3 1.30252
33 6 785.908 0 3 1.30368
34 6 492.359 0 3 1.30341
35 6 391.783 0 3 1.30467
36 6 424.32 0 3 1.30425
37 6 425.258 0 3 1.30588
38 6 405.457 0 3 1.30274
39 6 197.588 0 3 1.3056
3 6 155.784 0 3 1.02614
40 6 303.482 0 3 1.30537
41 6 249.408 0 3 1.30437
42 6 196.494 0 3 1.30415
43 6 221.279 0 3 1.30341
44 6 195.095 0 3 1.30379
45 6 220.219 0 3 1.30441
46 6 217.581 0 3 1.30478
47 6 216.048 0 3 1.3046
48 6 229.751 0 3 1.30458
49 6 221.176 0 3 1.30443
4 6 157.438 0 3 1.02899
50 6 218.435 0 3 1.30437
5 6 160 0 3 1.03309
6 6 164.062 0 3 1.03903
7 6 170.674 0 3 1.04762
8 6 181.75 0 3 1.06003
9 6 200.805 0 3 1.07797
0 7 153.344 0 3 1.02161
10 7 215.552 0 3 1.0921
11 7 256.268 0 3 1.12348
12 7 318.262 0 3 1.16743
13 7 393.008 0 3 1.22711
14 7 438.126 0 3 1.30315
15 7 426.352 0 3 1.38783
16 7 498.554 0 3 1.45749
17 7 803.258 0 3 1.47654
18 7 1105.24 0 3 1.4308
19 7 1499.18 0 3 1.34901
1 7 153.765 0 3 1.02243
20 7 2633.57 0 3 1.27325
21 7 3950.29 0 3 1.22836
22 7 3825.28 0 3 1.21274
23 7 4217.44 0 3 1.23417
24 7 4907.24 0 3 1.25942
25 7 5600.68 0 3 1.27068
26 7 4133.11 0 3 1.26748
27 7 3099.16 0 3 1.25888
28 7 3787.82 0 3 1.25179
29 7 2308.58 0 3 1.26645
2 7 154.387 0 3 1.02361
30 7 1555.14 0 3 1.25366
31 7 1509.21 0 3 1.26594
32 7 916.644 0 3 1.25742
33 7 571.671 0 3 1.25841
34 7 378.354 0 3 1.25822
35 7 314.331 0 3 1.25926
36 7 352.696 0 3 1.25893
37 7 359.324 0 3 1.26025
38 7 347.792 0 3 1.25771
39 7 182.418 0 3 1.26002
3 7 155.314 0 3 1.02532
40 7 271.494 0 3 1.25984
41 7 228.35 0 3 1.25903
42 7 188.022 0 3 1.25885
43 7 208.376 0 3 1.25825
44 7 188.244 0 3 1.25856
45 7 208.093 0 3 1.25906
46 7 206.3 0 3 1.25936
47 7 205.425 0 3 1.25922
48 7 216.208 0 3 1.2592
49 7 209.654 0 3 1.25907
4 7 156.713 0 3 1.02779
50 7 207.551 0 3 1.25903
5 7 158.857 0 3 1.03135
6 7 162.207 0 3 1.0365
7 7 167.557 0 3 1.04393
8 7 176.31 0 3 1.05464
9 7 190.926 0 3 1.07004
0 8 153.223 0 3 1.02137
10 8 201.862 0 3 1.08212
11 8 231.127 0 3 1.10878
12 8 273.236 0 3 1.14573
13 8 319.921 0 3 1.19525
14 8 341.543 0 3 1.25728
15 8 320.473 0 3 1.32517
16 8 345.75 0 3 1.38035
17 8 523.589 0 3 1.39587
18 8 741.612 0 3 1.36011
19 8 1079.71 0 3 1.29425
1 8 153.586 0 3 1.02208
20 8 1911.51 0 3 1.23309
21 8 2824.34 0 3 1.19668
22 8 2642.59 0 3 1.18403
23 8 2809.91 0 3 1.20149
24 8 3381.5 0 3 1.22213
25 8 3916.32 0 3 1.23152
26 8 2908.1 0 3 1.22878
27 8 2095.37 0 3 1.22192
28 8 2722.94 0 3 1.2159
29 8 1632.25 0 3 1.22799
2 8 154.121 0 3 1.02311
30 8 1088.41 0 3 1.21753
31 8 1124.35 0 3 1.2276
32 8 702.469 0 3 1.22064
33 8 434.462 0 3 1.22148
34 8 305.152 0 3 1.22135
35 8 264.187 0 3 1.22221
36 8 303.181 0 3 1.22195
37 8 312.663 0 3 1.22304
38 8 306.169 0 3 1.22095
39 8 172.747 0 3 1.22285
3 8 154.914 0 3 1.0246
40 8 247.876 0 3 1.2227
41 8 212.96 0 3 1.22203
42 8 181.608 0 3 1.22188
43 8 198.455 0 3 1.22139
44 8 182.691 0 3 1.22164
45 8 198.618 0 3 1.22206
46 8 197.378 0 3 1.2223
47 8 196.914 0 3 1.22219
48 8 205.538 0 3 1.22217
49 8 200.445 0 3 1.22207
4 8 156.102 0 3 1.02674
50 8 198.818 0 3 1.22203
5 8 157.904 0 3 1.02984
6 8 160.682 0 3 1.03431
7 8 165.046 0 3 1.04074
8 8 172.03 0 3 1.04999
9 8 183.38 0 3 1.06324
0 9 153.118 0 3 1.02116
10 9 191.607 0 3 1.0736
11 9 213.022 0 3 1.09632
12 9 242.277 0 3 1.12756
13 9 272.146 0 3 1.16893
14 9 281.416 0 3 1.22008
15 9 257.911 0 3 1.27526
16 9 259.833 0 3 1.31969
17 9 365.217 0 3 1.33247
18 9 525.105 0 3 1.30397
19 9 807.338 0 3 1.25028
1 9 153.432 0 3 1.02178
20 9 1429.55 0 3 1.20025
21 9 2074.34 0 3 1.1704
22 9 1873.6 0 3 1.16006
23 9 1909.91 0 3 1.17444
24 9 2388.44 0 3 1.19147
25 9 2808.09 0 3 1.19935
26 9 2095.46 0 3 1.197
27 9 1447.67 0 3 1.19145
28 9 2009.23 0 3 1.18632
29 9 1184.41 0 3 1.19638
2 9 153.892 0 3 1.02268
30 9 784.447 0 3 1.18774
31 9 862.612 0 3 1.19608
32 9 556.28 0 3 1.19034
33 9 344.447 0 3 1.19105
34 9 256.998 0 3 1.19096
35 9 230.875 0 3 1.19168
36 9 268.032 0 3 1.19146
37 9 278.706 0 3 1.19237
38 9 275.318 0 3 1.19064
39 9 166.423 0 3 1.19221
3 9 154.572 0 3 1.02397
40 9 229.988 0 3 1.19209
41 9 201.403 0 3 1.19154
42 9 176.623 0 3 1.19141
43 9 190.665 0 3 1.191
44 9 178.132 0 3 1.19122
45 9 191.076 0 3 1.19156
46 9 190.209 0 3 1.19176
47 9 190.001 0 3 1.19166
48 9 196.996 0 3 1.19165
49 9 192.984 0 3 1.19157
4 9 155.583 0 3 1.02584
50 9 191.721 0 3 1.19154
5 9 157.105 0 3 1.02853
6 9 159.422 0 3 1.0324
7 9 163.005 0 3 1.03798
8 9 168.628 0 3 1.04597
9 9 177.54 0 3 1.05739
