0 0 153.059 0 3 1.01996
10 0 153.069 0 3 1.01996
11 0 153.071 0 3 1.01996
12 0 153.074 0 3 1.01996
13 0 153.076 0 3 1.01996
14 0 153.079 0 3 1.01996
15 0 153.082 0 3 1.01996
16 0 153.085 0 3 1.01996
17 0 153.088 0 3 1.01996
18 0 153.092 0 3 1.01996
19 0 153.095 0 3 1.01996
1 0 153.059 0 3 1.01996
20 0 153.099 0 3 1.01996
21 0 153.103 0 3 1.01996
22 0 153.108 0 3 1.01996
23 0 153.112 0 3 1.01996
24 0 153.117 0 3 1.01996
25 0 153.122 0 3 1.01996
26 0 153.127 0 3 1.01996
27 0 153.132 0 3 1.01996
28 0 153.138 0 3 1.01996
29 0 153.143 0 3 1.01996
2 0 153.06 0 3 1.01996
30 0 153.149 0 3 1.01996
31 0 153.155 0 3 1.01996
32 0 153.162 0 3 1.01996
33 0 153.168 0 3 1.01996
34 0 153.175 0 3 1.01996
35 0 153.182 0 3 1.01996
36 0 153.189 0 3 1.01996
37 0 153.196 0 3 1.01996
38 0 153.204 0 3 1.01996
39 0 153.211 0 3 1.01996
3 0 153.06 0 3 1.01996
40 0 153.219 0 3 1.01996
41 0 153.227 0 3 1.01996
42 0 153.236 0 3 1.01996
43 0 153.244 0 3 1.01996
44 0 153.253 0 3 1.01996
45 0 153.262 0 3 1.01996
46 0 153.271 0 3 1.01996
47 0 153.28 0 3 1.01996
48 0 153.29 0 3 1.01996
49 0 153.299 0 3 1.01996
4 0 153.061 0 3 1.01996
50 0 153.309 0 3 1.01996
5 0 153.062 0 3 1.01996
6 0 153.063 0 3 1.01996
7 0 153.064 0 3 1.01996
8 0 153.066 0 3 1.01996
9 0 153.067 0 3 1.01996
0 10 153.059 0 3 1.01996
10 10 1615.73 0 3 2.04143
11 10 3140.43 0 3 2.04245
12 10 2032.24 0 3 2.04291
13 10 1245.56 0 3 2.04313
14 10 1502.3 0 3 2.04403
15 10 1358.18 0 3 2.04344
16 10 1432.13 0 3 2.04293
17 10 1513.39 0 3 2.04365
18 10 1848.12 0 3 2.04548
19 10 1390.6 0 3 2.04473
1 10 682469 0 3 2.19764
20 10 1201.18 0 3 2.04213
21 10 1187.05 0 3 2.04087
22 10 1049.74 0 3 2.04192
23 10 1108.81 0 3 2.04439
24 10 905.28 0 3 2.04586
25 10 665.725 0 3 2.04355
26 10 471.768 0 3 2.04206
27 10 716.378 0 3 2.0421
28 10 634.656 0 3 2.04351
29 10 864.7 0 3 2.04391
2 10 130837 0 3 2.1004
30 10 737.482 0 3 2.04346
31 10 487.94 0 3 2.04268
32 10 721.22 0 3 2.04171
33 10 448.709 0 3 2.04097
34 10 377.959 0 3 2.04111
35 10 826.867 0 3 2.04069
36 10 408.219 0 3 2.04057
37 10 503.793 0 3 2.04053
38 10 655.182 0 3 2.04098
39 10 348.035 0 3 2.04082
3 10 53611 0 3 2.08403
40 10 714.717 0 3 2.04014
41 10 598.416 0 3 2.03957
42 10 594.905 0 3 2.04005
43 10 604.311 0 3 2.04077
44 10 475.242 0 3 2.04068
45 10 557.259 0 3 2.03907
46 10 459.5 0 3 2.03818
47 10 542.332 0 3 2.03854
48 10 498.135 0 3 2.03965
49 10 578.103 0 3 2.04012
4 10 19447.1 0 3 2.06235
50 10 427.726 0 3 2.0397
5 10 9634.55 0 3 2.04719
6 10 6863.32 0 3 2.03826
7 10 3514.04 0 3 2.03747
8 10 2986.14 0 3 2.03932
9 10 3025.06 0 3 2.04095
0 1 153.059 0 3 1.01996
10 1 1615.73 0 3 2.04143
0 11 153.059 0 3 1.01996
10 11 1615.73 0 3 2.04143
11 11 3140.43 0 3 2.04245
12 11 2032.24 0 3 2.04291
13 11 1245.56 0 3 2.04313
14 11 1502.3 0 3 2.04403
15 11 1358.18 0 3 2.04344
16 11 1432.13 0 3 2.04293
17 11 1513.39 0 3 2.04365
18 11 1848.12 0 3 2.04548
19 11 1390.6 0 3 2.04473
11 1 3140.43 0 3 2.04245
1 11 682469 0 3 2.19764
20 11 1201.18 0 3 2.04213
21 11 1187.05 0 3 2.04087
22 11 1049.74 0 3 2.04192
23 11 1108.81 0 3 2.04439
24 11 905.28 0 3 2.04586
25 11 665.725 0 3 2.04355
26 11 471.768 0 3 2.04206
27 11 716.378 0 3 2.0421
28 11 634.656 0 3 2.04351
29 11 864.7 0 3 2.04391
12 1 2032.24 0 3 2.04291
2 11 130837 0 3 2.1004
30 11 737.482 0 3 2.04346
31 11 487.94 0 3 2.04268
32 11 721.22 0 3 2.04171
33 11 448.709 0 3 2.04097
34 11 377.959 0 3 2.04111
35 11 826.867 0 3 2.04069
36 11 408.219 0 3 2.04057
37 11 503.793 0 3 2.04053
38 11 655.182 0 3 2.04098
39 11 348.035 0 3 2.04082
13 1 1245.56 0 3 2.04313
3 11 53611 0 3 2.08403
40 11 714.717 0 3 2.04014
41 11 598.416 0 3 2.03957
42 11 594.905 0 3 2.04005
43 11 604.311 0 3 2.04077
44 11 475.242 0 3 2.04068
45 11 557.259 0 3 2.03907
46 11 459.5 0 3 2.03818
47 11 542.332 0 3 2.03854
48 11 498.135 0 3 2.03965
49 11 578.103 0 3 2.04012
14 1 1502.3 0 3 2.04403
4 11 19447.1 0 3 2.06235
50 11 427.726 0 3 2.0397
15 1 1358.18 0 3 2.04344
5 11 9634.55 0 3 2.04719
16 1 1432.13 0 3 2.04293
6 11 6863.32 0 3 2.03826
17 1 1513.39 0 3 2.04365
7 11 3514.04 0 3 2.03747
18 1 1848.12 0 3 2.04548
8 11 2986.14 0 3 2.03932
19 1 1390.6 0 3 2.04473
9 11 3025.06 0 3 2.04095
1 1 682469 0 3 2.19764
20 1 1201.18 0 3 2.04213
0 12 153.059 0 3 1.01996
10 12 1615.73 0 3 2.04143
11 12 3140.43 0 3 2.04245
12 12 2032.24 0 3 2.04291
13 12 1245.56 0 3 2.04313
14 12 1502.3 0 3 2.04403
15 12 1358.18 0 3 2.04344
16 12 1432.13 0 3 2.04293
17 12 1513.39 0 3 2.04365
18 12 1848.12 0 3 2.04548
19 12 1390.6 0 3 2.04473
21 1 1187.05 0 3 2.04087
1 12 682469 0 3 2.19764
20 12 1201.18 0 3 2.04213
21 12 1187.05 0 3 2.04087
22 12 1049.74 0 3 2.04192
23 12 1108.81 0 3 2.04439
24 12 905.28 0 3 2.04586
25 12 665.725 0 3 2.04355
26 12 471.768 0 3 2.04206
27 12 716.378 0 3 2.0421
28 12 634.656 0 3 2.04351
29 12 864.7 0 3 2.04391
22 1 1049.74 0 3 2.04192
2 12 130837 0 3 2.1004
30 12 737.482 0 3 2.04346
31 12 487.94 0 3 2.04268
32 12 721.22 0 3 2.04171
33 12 448.709 0 3 2.04097
34 12 377.959 0 3 2.04111
35 12 826.867 0 3 2.04069
36 12 408.219 0 3 2.04057
37 12 503.793 0 3 2.04053
38 12 655.182 0 3 2.04098
39 12 348.035 0 3 2.04082
23 1 1108.81 0 3 2.04439
3 12 53611 0 3 2.08403
40 12 714.717 0 3 2.04014
41 12 598.416 0 3 2.03957
42 12 594.905 0 3 2.04005
43 12 604.311 0 3 2.04077
44 12 475.242 0 3 2.04068
45 12 557.259 0 3 2.03907
46 12 459.5 0 3 2.03818
47 12 542.332 0 3 2.03854
48 12 498.135 0 3 2.03965
49 12 578.103 0 3 2.04012
24 1 905.28 0 3 2.04586
4 12 19447.1 0 3 2.06235
50 12 427.726 0 3 2.0397
25 1 665.725 0 3 2.04355
5 12 9634.55 0 3 2.04719
26 1 471.768 0 3 2.04206
6 12 6863.32 0 3 2.03826
27 1 716.378 0 3 2.0421
7 12 3514.04 0 3 2.03747
28 1 634.656 0 3 2.04351
8 12 2986.14 0 3 2.03932
29 1 864.7 0 3 2.04391
9 12 3025.06 0 3 2.04095
2 1 130837 0 3 2.1004
30 1 737.482 0 3 2.04346
0 13 153.059 0 3 1.01996
10 13 1615.73 0 3 2.04143
11 13 3140.43 0 3 2.04245
12 13 2032.24 0 3 2.04291
13 13 1245.56 0 3 2.04313
14 13 1502.3 0 3 2.04403
15 13 1358.18 0 3 2.04344
16 13 1432.13 0 3 2.04293
17 13 1513.39 0 3 2.04365
18 13 1848.12 0 3 2.04548
19 13 1390.6 0 3 2.04473
31 1 487.94 0 3 2.04268
1 13 682469 0 3 2.19764
20 13 1201.18 0 3 2.04213
21 13 1187.05 0 3 2.04087
22 13 1049.74 0 3 2.04192
23 13 1108.81 0 3 2.04439
24 13 905.28 0 3 2.04586
25 13 665.725 0 3 2.04355
26 13 471.768 0 3 2.04206
27 13 716.378 0 3 2.0421
28 13 634.656 0 3 2.04351
29 13 864.7 0 3 2.04391
32 1 721.22 0 3 2.04171
2 13 130837 0 3 2.1004
30 13 737.482 0 3 2.04346
31 13 487.94 0 3 2.04268
32 13 721.22 0 3 2.04171
33 13 448.709 0 3 2.04097
34 13 377.959 0 3 2.04111
35 13 826.867 0 3 2.04069
36 13 408.219 0 3 2.04057
37 13 503.793 0 3 2.04053
38 13 655.182 0 3 2.04098
39 13 348.035 0 3 2.04082
33 1 448.709 0 3 2.04097
3 13 53611 0 3 2.08403
40 13 714.717 0 3 2.04014
41 13 598.416 0 3 2.03957
42 13 594.905 0 3 2.04005
43 13 604.311 0 3 2.04077
44 13 475.242 0 3 2.04068
45 13 557.259 0 3 2.03907
46 13 459.5 0 3 2.03818
47 13 542.332 0 3 2.03854
48 13 498.135 0 3 2.03965
49 13 578.103 0 3 2.04012
34 1 377.959 0 3 2.04111
4 13 19447.1 0 3 2.06235
50 13 427.726 0 3 2.0397
35 1 826.867 0 3 2.04069
5 13 9634.55 0 3 2.04719
36 1 408.219 0 3 2.04057
6 13 6863.32 0 3 2.03826
37 1 503.793 0 3 2.04053
7 13 3514.04 0 3 2.03747
38 1 655.182 0 3 2.04098
8 13 2986.14 0 3 2.03932
39 1 348.035 0 3 2.04082
9 13 3025.06 0 3 2.04095
3 1 53611 0 3 2.08403
40 1 714.717 0 3 2.04014
0 14 153.059 0 3 1.01996
10 14 1615.73 0 3 2.04143
11 14 3140.43 0 3 2.04245
12 14 2032.24 0 3 2.04291
13 14 1245.56 0 3 2.04313
14 14 1502.3 0 3 2.04403
15 14 1358.18 0 3 2.04344
16 14 1432.13 0 3 2.04293
17 14 1513.39 0 3 2.04365
18 14 1848.12 0 3 2.04548
19 14 1390.6 0 3 2.04473
41 1 598.416 0 3 2.03957
1 14 682469 0 3 2.19764
20 14 1201.18 0 3 2.04213
21 14 1187.05 0 3 2.04087
22 14 1049.74 0 3 2.04192
23 14 1108.81 0 3 2.04439
24 14 905.28 0 3 2.04586
25 14 665.725 0 3 2.04355
26 14 471.768 0 3 2.04206
27 14 716.378 0 3 2.0421
28 14 634.656 0 3 2.04351
29 14 864.7 0 3 2.04391
42 1 594.905 0 3 2.04005
2 14 130837 0 3 2.1004
30 14 737.482 0 3 2.04346
31 14 487.94 0 3 2.04268
32 14 721.22 0 3 2.04171
33 14 448.709 0 3 2.04097
34 14 377.959 0 3 2.04111
35 14 826.867 0 3 2.04069
36 14 408.219 0 3 2.04057
37 14 503.793 0 3 2.04053
38 14 655.182 0 3 2.04098
39 14 348.035 0 3 2.04082
43 1 604.311 0 3 2.04077
3 14 53611 0 3 2.08403
40 14 714.717 0 3 2.04014
41 14 598.416 0 3 2.03957
42 14 594.905 0 3 2.04005
43 14 604.311 0 3 2.04077
44 14 475.242 0 3 2.04068
45 14 557.259 0 3 2.03907
46 14 459.5 0 3 2.03818
47 14 542.332 0 3 2.03854
48 14 498.135 0 3 2.03965
49 14 578.103 0 3 2.04012
44 1 475.242 0 3 2.04068
4 14 19447.1 0 3 2.06235
50 14 427.726 0 3 2.0397
45 1 557.259 0 3 2.03907
5 14 9634.55 0 3 2.04719
46 1 459.5 0 3 2.03818
6 14 6863.32 0 3 2.03826
47 1 542.332 0 3 2.03854
7 14 3514.04 0 3 2.03747
48 1 498.135 0 3 2.03965
8 14 2986.14 0 3 2.03932
49 1 578.103 0 3 2.04012
9 14 3025.06 0 3 2.04095
4 1 19447.1 0 3 2.06235
50 1 427.726 0 3 2.0397
0 15 153.059 0 3 1.01996
10 15 1615.73 0 3 2.04143
11 15 3140.43 0 3 2.04245
12 15 2032.24 0 3 2.04291
13 15 1245.56 0 3 2.04313
14 15 1502.3 0 3 2.04403
15 15 1358.18 0 3 2.04344
16 15 1432.13 0 3 2.04293
17 15 1513.39 0 3 2.04365
18 15 1848.12 0 3 2.04548
19 15 1390.6 0 3 2.04473
1 15 682469 0 3 2.19764
20 15 1201.18 0 3 2.04213
21 15 1187.05 0 3 2.04087
22 15 1049.74 0 3 2.04192
23 15 1108.81 0 3 2.04439
24 15 905.28 0 3 2.04586
25 15 665.725 0 3 2.04355
26 15 471.768 0 3 2.04206
27 15 716.378 0 3 2.0421
28 15 634.656 0 3 2.04351
29 15 864.7 0 3 2.04391
2 15 130837 0 3 2.1004
30 15 737.482 0 3 2.04346
31 15 487.94 0 3 2.04268
32 15 721.22 0 3 2.04171
33 15 448.709 0 3 2.04097
34 15 377.959 0 3 2.04111
35 15 826.867 0 3 2.04069
36 15 408.219 0 3 2.04057
37 15 503.793 0 3 2.04053
38 15 655.182 0 3 2.04098
39 15 348.035 0 3 2.04082
3 15 53611 0 3 2.08403
40 15 714.717 0 3 2.04014
41 15 598.416 0 3 2.03957
42 15 594.905 0 3 2.04005
43 15 604.311 0 3 2.04077
44 15 475.242 0 3 2.04068
45 15 557.259 0 3 2.03907
46 15 459.5 0 3 2.03818
47 15 542.332 0 3 2.03854
48 15 498.135 0 3 2.03965
49 15 578.103 0 3 2.04012
4 15 19447.1 0 3 2.06235
50 15 427.726 0 3 2.0397
5 15 9634.55 0 3 2.04719
6 15 6863.32 0 3 2.03826
7 15 3514.04 0 3 2.03747
8 15 2986.14 0 3 2.03932
9 15 3025.06 0 3 2.04095
5 1 9634.55 0 3 2.04719
0 16 153.059 0 3 1.01996
10 16 1615.73 0 3 2.04143
11 16 3140.43 0 3 2.04245
12 16 2032.24 0 3 2.04291
13 16 1245.56 0 3 2.04313
14 16 1502.3 0 3 2.04403
15 16 1358.18 0 3 2.04344
16 16 1432.13 0 3 2.04293
17 16 1513.39 0 3 2.04365
18 16 1848.12 0 3 2.04548
19 16 1390.6 0 3 2.04473
1 16 682469 0 3 2.19764
20 16 1201.18 0 3 2.04213
21 16 1187.05 0 3 2.04087
22 16 1049.74 0 3 2.04192
23 16 1108.81 0 3 2.04439
24 16 905.28 0 3 2.04586
25 16 665.725 0 3 2.04355
26 16 471.768 0 3 2.04206
27 16 716.378 0 3 2.0421
28 16 634.656 0 3 2.04351
29 16 864.7 0 3 2.04391
2 16 130837 0 3 2.1004
30 16 737.482 0 3 2.04346
31 16 487.94 0 3 2.04268
32 16 721.22 0 3 2.04171
33 16 448.709 0 3 2.04097
34 16 377.959 0 3 2.04111
35 16 826.867 0 3 2.04069
36 16 408.219 0 3 2.04057
37 16 503.793 0 3 2.04053
38 16 655.182 0 3 2.04098
39 16 348.035 0 3 2.04082
3 16 53611 0 3 2.08403
40 16 714.717 0 3 2.04014
41 16 598.416 0 3 2.03957
42 16 594.905 0 3 2.04005
43 16 604.311 0 3 2.04077
44 16 475.242 0 3 2.04068
45 16 557.259 0 3 2.03907
46 16 459.5 0 3 2.03818
47 16 542.332 0 3 2.03854
48 16 498.135 0 3 2.03965
49 16 578.103 0 3 2.04012
4 16 19447.1 0 3 2.06235
50 16 427.726 0 3 2.0397
5 16 9634.55 0 3 2.04719
6 16 6863.32 0 3 2.03826
7 16 3514.04 0 3 2.03747
8 16 2986.14 0 3 2.03932
9 16 3025.06 0 3 2.04095
6 1 6863.32 0 3 2.03826
0 17 153.059 0 3 1.01996
10 17 1615.73 0 3 2.04143
11 17 3140.43 0 3 2.04245
12 17 2032.24 0 3 2.04291
13 17 1245.56 0 3 2.04313
14 17 1502.3 0 3 2.04403
15 17 1358.18 0 3 2.04344
16 17 1432.13 0 3 2.04293
17 17 1513.39 0 3 2.04365
18 17 1848.12 0 3 2.04548
19 17 1390.6 0 3 2.04473
1 17 682469 0 3 2.19764
20 17 1201.18 0 3 2.04213
21 17 1187.05 0 3 2.04087
22 17 1049.74 0 3 2.04192
23 17 1108.81 0 3 2.04439
24 17 905.28 0 3 2.04586
25 17 665.725 0 3 2.04355
26 17 471.768 0 3 2.04206
27 17 716.378 0 3 2.0421
28 17 634.656 0 3 2.04351
29 17 864.7 0 3 2.04391
2 17 130837 0 3 2.1004
30 17 737.482 0 3 2.04346
31 17 487.94 0 3 2.04268
32 17 721.22 0 3 2.04171
33 17 448.709 0 3 2.04097
34 17 377.959 0 3 2.04111
35 17 826.867 0 3 2.04069
36 17 408.219 0 3 2.04057
37 17 503.793 0 3 2.04053
38 17 655.182 0 3 2.04098
39 17 348.035 0 3 2.04082
3 17 53611 0 3 2.08403
40 17 714.717 0 3 2.04014
41 17 598.416 0 3 2.03957
42 17 594.905 0 3 2.04005
43 17 604.311 0 3 2.04077
44 17 475.242 0 3 2.04068
45 17 557.259 0 3 2.03907
46 17 459.5 0 3 2.03818
47 17 542.332 0 3 2.03854
48 17 498.135 0 3 2.03965
49 17 578.103 0 3 2.04012
4 17 19447.1 0 3 2.06235
50 17 427.726 0 3 2.0397
5 17 9634.55 0 3 2.04719
6 17 6863.32 0 3 2.03826
7 17 3514.04 0 3 2.03747
8 17 2986.14 0 3 2.03932
9 17 3025.06 0 3 2.04095
7 1 3514.04 0 3 2.03747
0 18 153.059 0 3 1.01996
10 18 1615.73 0 3 2.04143
11 18 3140.43 0 3 2.04245
12 18 2032.24 0 3 2.04291
13 18 1245.56 0 3 2.04313
14 18 1502.3 0 3 2.04403
15 18 1358.18 0 3 2.04344
16 18 1432.13 0 3 2.04293
17 18 1513.39 0 3 2.04365
18 18 1848.12 0 3 2.04548
19 18 1390.6 0 3 2.04473
1 18 682469 0 3 2.19764
20 18 1201.18 0 3 2.04213
21 18 1187.05 0 3 2.04087
22 18 1049.74 0 3 2.04192
23 18 1108.81 0 3 2.04439
24 18 905.28 0 3 2.04586
25 18 665.725 0 3 2.04355
26 18 471.768 0 3 2.04206
27 18 716.378 0 3 2.0421
28 18 634.656 0 3 2.04351
29 18 864.7 0 3 2.04391
2 18 130837 0 3 2.1004
30 18 737.482 0 3 2.04346
31 18 487.94 0 3 2.04268
32 18 721.22 0 3 2.04171
33 18 448.709 0 3 2.04097
34 18 377.959 0 3 2.04111
35 18 826.867 0 3 2.04069
36 18 408.219 0 3 2.04057
37 18 503.793 0 3 2.04053
38 18 655.182 0 3 2.04098
39 18 348.035 0 3 2.04082
3 18 53611 0 3 2.08403
40 18 714.717 0 3 2.04014
41 18 598.416 0 3 2.03957
42 18 594.905 0 3 2.04005
43 18 604.311 0 3 2.04077
44 18 475.242 0 3 2.04068
45 18 557.259 0 3 2.03907
46 18 459.5 0 3 2.03818
47 18 542.332 0 3 2.03854
48 18 498.135 0 3 2.03965
49 18 578.103 0 3 2.04012
4 18 19447.1 0 3 2.06235
50 18 427.726 0 3 2.0397
5 18 9634.55 0 3 2.04719
6 18 6863.32 0 3 2.03826
7 18 3514.04 0 3 2.03747
8 18 2986.14 0 3 2.03932
9 18 3025.06 0 3 2.04095
8 1 2986.14 0 3 2.03932
0 19 153.059 0 3 1.01996
10 19 1615.73 0 3 2.04143
11 19 3140.43 0 3 2.04245
12 19 2032.24 0 3 2.04291
13 19 1245.56 0 3 2.04313
14 19 1502.3 0 3 2.04403
15 19 1358.18 0 3 2.04344
16 19 1432.13 0 3 2.04293
17 19 1513.39 0 3 2.04365
18 19 1848.12 0 3 2.04548
19 19 1390.6 0 3 2.04473
1 19 682469 0 3 2.19764
20 19 1201.18 0 3 2.04213
21 19 1187.05 0 3 2.04087
22 19 1049.74 0 3 2.04192
23 19 1108.81 0 3 2.04439
24 19 905.28 0 3 2.04586
25 19 665.725 0 3 2.04355
26 19 471.768 0 3 2.04206
27 19 716.378 0 3 2.0421
28 19 634.656 0 3 2.04351
29 19 864.7 0 3 2.04391
2 19 130837 0 3 2.1004
30 19 737.482 0 3 2.04346
31 19 487.94 0 3 2.04268
32 19 721.22 0 3 2.04171
33 19 448.709 0 3 2.04097
34 19 377.959 0 3 2.04111
35 19 826.867 0 3 2.04069
36 19 408.219 0 3 2.04057
37 19 503.793 0 3 2.04053
38 19 655.182 0 3 2.04098
39 19 348.035 0 3 2.04082
3 19 53611 0 3 2.08403
40 19 714.717 0 3 2.04014
41 19 598.416 0 3 2.03957
42 19 594.905 0 3 2.04005
43 19 604.311 0 3 2.04077
44 19 475.242 0 3 2.04068
45 19 557.259 0 3 2.03907
46 19 459.5 0 3 2.03818
47 19 542.332 0 3 2.03854
48 19 498.135 0 3 2.03965
49 19 578.103 0 3 2.04012
4 19 19447.1 0 3 2.06235
50 19 427.726 0 3 2.0397
5 19 9634.55 0 3 2.04719
6 19 6863.32 0 3 2.03826
7 19 3514.04 0 3 2.03747
8 19 2986.14 0 3 2.03932
9 19 3025.06 0 3 2.04095
9 1 3025.06 0 3 2.04095
0 20 153.059 0 3 1.01996
10 20 1615.73 0 3 2.04143
11 20 3140.43 0 3 2.04245
12 20 2032.24 0 3 2.04291
13 20 1245.56 0 3 2.04313
14 20 1502.3 0 3 2.04403
15 20 1358.18 0 3 2.04344
16 20 1432.13 0 3 2.04293
17 20 1513.39 0 3 2.04365
18 20 1848.12 0 3 2.04548
19 20 1390.6 0 3 2.04473
1 20 682469 0 3 2.19764
20 20 1201.18 0 3 2.04213
21 20 1187.05 0 3 2.04087
22 20 1049.74 0 3 2.04192
23 20 1108.81 0 3 2.04439
24 20 905.28 0 3 2.04586
25 20 665.725 0 3 2.04355
26 20 471.768 0 3 2.04206
27 20 716.378 0 3 2.0421
28 20 634.656 0 3 2.04351
29 20 864.7 0 3 2.04391
2 20 130837 0 3 2.1004
30 20 737.482 0 3 2.04346
31 20 487.94 0 3 2.04268
32 20 721.22 0 3 2.04171
33 20 448.709 0 3 2.04097
34 20 377.959 0 3 2.04111
35 20 826.867 0 3 2.04069
36 20 408.219 0 3 2.04057
37 20 503.793 0 3 2.04053
38 20 655.182 0 3 2.04098
39 20 348.035 0 3 2.04082
3 20 53611 0 3 2.08403
40 20 714.717 0 3 2.04014
41 20 598.416 0 3 2.03957
42 20 594.905 0 3 2.04005
43 20 604.311 0 3 2.04077
44 20 475.242 0 3 2.04068
45 20 557.259 0 3 2.03907
46 20 459.5 0 3 2.03818
47 20 542.332 0 3 2.03854
48 20 498.135 0 3 2.03965
49 20 578.103 0 3 2.04012
4 20 19447.1 0 3 2.06235
50 20 427.726 0 3 2.0397
5 20 9634.55 0 3 2.04719
6 20 6863.32 0 3 2.03826
7 20 3514.04 0 3 2.03747
8 20 2986.14 0 3 2.03932
9 20 3025.06 0 3 2.04095
0 2 153.059 0 3 1.01996
10 2 1615.73 0 3 2.04143
0 21 153.059 0 3 1.01996
10 21 1615.73 0 3 2.04143
11 21 3140.43 0 3 2.04245
12 21 2032.24 0 3 2.04291
13 21 1245.56 0 3 2.04313
14 21 1502.3 0 3 2.04403
15 21 1358.18 0 3 2.04344
16 21 1432.13 0 3 2.04293
17 21 1513.39 0 3 2.04365
18 21 1848.12 0 3 2.04548
19 21 1390.6 0 3 2.04473
11 2 3140.43 0 3 2.04245
1 21 682469 0 3 2.19764
20 21 1201.18 0 3 2.04213
21 21 1187.05 0 3 2.04087
22 21 1049.74 0 3 2.04192
23 21 1108.81 0 3 2.04439
24 21 905.28 0 3 2.04586
25 21 665.725 0 3 2.04355
26 21 471.768 0 3 2.04206
27 21 716.378 0 3 2.0421
28 21 634.656 0 3 2.04351
29 21 864.7 0 3 2.04391
12 2 2032.24 0 3 2.04291
2 21 130837 0 3 2.1004
30 21 737.482 0 3 2.04346
31 21 487.94 0 3 2.04268
32 21 721.22 0 3 2.04171
33 21 448.709 0 3 2.04097
34 21 377.959 0 3 2.04111
35 21 826.867 0 3 2.04069
36 21 408.219 0 3 2.04057
37 21 503.793 0 3 2.04053
38 21 655.182 0 3 2.04098
39 21 348.035 0 3 2.04082
13 2 1245.56 0 3 2.04313
3 21 53611 0 3 2.08403
40 21 714.717 0 3 2.04014
41 21 598.416 0 3 2.03957
42 21 594.905 0 3 2.04005
43 21 604.311 0 3 2.04077
44 21 475.242 0 3 2.04068
45 21 557.259 0 3 2.03907
46 21 459.5 0 3 2.03818
47 21 542.332 0 3 2.03854
48 21 498.135 0 3 2.03965
49 21 578.103 0 3 2.04012
14 2 1502.3 0 3 2.04403
4 21 19447.1 0 3 2.06235
50 21 427.726 0 3 2.0397
15 2 1358.18 0 3 2.04344
5 21 9634.55 0 3 2.04719
16 2 1432.13 0 3 2.04293
6 21 6863.32 0 3 2.03826
17 2 1513.39 0 3 2.04365
7 21 3514.04 0 3 2.03747
18 2 1848.12 0 3 2.04548
8 21 2986.14 0 3 2.03932
19 2 1390.6 0 3 2.04473
9 21 3025.06 0 3 2.04095
1 2 682469 0 3 2.19764
20 2 1201.18 0 3 2.04213
0 22 153.059 0 3 1.01996
10 22 1615.73 0 3 2.04143
11 22 3140.43 0 3 2.04245
12 22 2032.24 0 3 2.04291
13 22 1245.56 0 3 2.04313
14 22 1502.3 0 3 2.04403
15 22 1358.18 0 3 2.04344
16 22 1432.13 0 3 2.04293
17 22 1513.39 0 3 2.04365
18 22 1848.12 0 3 2.04548
19 22 1390.6 0 3 2.04473
21 2 1187.05 0 3 2.04087
1 22 682469 0 3 2.19764
20 22 1201.18 0 3 2.04213
21 22 1187.05 0 3 2.04087
22 22 1049.74 0 3 2.04192
23 22 1108.81 0 3 2.04439
24 22 905.28 0 3 2.04586
25 22 665.725 0 3 2.04355
26 22 471.768 0 3 2.04206
27 22 716.378 0 3 2.0421
28 22 634.656 0 3 2.04351
29 22 864.7 0 3 2.04391
22 2 1049.74 0 3 2.04192
2 22 130837 0 3 2.1004
30 22 737.482 0 3 2.04346
31 22 487.94 0 3 2.04268
32 22 721.22 0 3 2.04171
33 22 448.709 0 3 2.04097
34 22 377.959 0 3 2.04111
35 22 826.867 0 3 2.04069
36 22 408.219 0 3 2.04057
37 22 503.793 0 3 2.04053
38 22 655.182 0 3 2.04098
39 22 348.035 0 3 2.04082
23 2 1108.81 0 3 2.04439
3 22 53611 0 3 2.08403
40 22 714.717 0 3 2.04014
41 22 598.416 0 3 2.03957
42 22 594.905 0 3 2.04005
43 22 604.311 0 3 2.04077
44 22 475.242 0 3 2.04068
45 22 557.259 0 3 2.03907
46 22 459.5 0 3 2.03818
47 22 542.332 0 3 2.03854
48 22 498.135 0 3 2.03965
49 22 578.103 0 3 2.04012
24 2 905.28 0 3 2.04586
4 22 19447.1 0 3 2.06235
50 22 427.726 0 3 2.0397
25 2 665.725 0 3 2.04355
5 22 9634.55 0 3 2.04719
26 2 471.768 0 3 2.04206
6 22 6863.32 0 3 2.03826
27 2 716.378 0 3 2.0421
7 22 3514.04 0 3 2.03747
28 2 634.656 0 3 2.04351
8 22 2986.14 0 3 2.03932
29 2 864.7 0 3 2.04391
9 22 3025.06 0 3 2.04095
2 2 130837 0 3 2.1004
30 2 737.482 0 3 2.04346
0 23 153.059 0 3 1.01996
10 23 1615.73 0 3 2.04143
11 23 3140.43 0 3 2.04245
12 23 2032.24 0 3 2.04291
13 23 1245.56 0 3 2.04313
14 23 1502.3 0 3 2.04403
15 23 1358.18 0 3 2.04344
16 23 1432.13 0 3 2.04293
17 23 1513.39 0 3 2.04365
18 23 1848.12 0 3 2.04548
19 23 1390.6 0 3 2.04473
31 2 487.94 0 3 2.04268
1 23 682469 0 3 2.19764
20 23 1201.18 0 3 2.04213
21 23 1187.05 0 3 2.04087
22 23 1049.74 0 3 2.04192
23 23 1108.81 0 3 2.04439
24 23 905.28 0 3 2.04586
25 23 665.725 0 3 2.04355
26 23 471.768 0 3 2.04206
27 23 716.378 0 3 2.0421
28 23 634.656 0 3 2.04351
29 23 864.7 0 3 2.04391
32 2 721.22 0 3 2.04171
2 23 130837 0 3 2.1004
30 23 737.482 0 3 2.04346
31 23 487.94 0 3 2.04268
32 23 721.22 0 3 2.04171
33 23 448.709 0 3 2.04097
34 23 377.959 0 3 2.04111
35 23 826.867 0 3 2.04069
36 23 408.219 0 3 2.04057
37 23 503.793 0 3 2.04053
38 23 655.182 0 3 2.04098
39 23 348.035 0 3 2.04082
33 2 448.709 0 3 2.04097
3 23 53611 0 3 2.08403
40 23 714.717 0 3 2.04014
41 23 598.416 0 3 2.03957
42 23 594.905 0 3 2.04005
43 23 604.311 0 3 2.04077
44 23 475.242 0 3 2.04068
45 23 557.259 0 3 2.03907
46 23 459.5 0 3 2.03818
47 23 542.332 0 3 2.03854
48 23 498.135 0 3 2.03965
49 23 578.103 0 3 2.04012
34 2 377.959 0 3 2.04111
4 23 19447.1 0 3 2.06235
50 23 427.726 0 3 2.0397
35 2 826.867 0 3 2.04069
5 23 9634.55 0 3 2.04719
36 2 408.219 0 3 2.04057
6 23 6863.32 0 3 2.03826
37 2 503.793 0 3 2.04053
7 23 3514.04 0 3 2.03747
38 2 655.182 0 3 2.04098
8 23 2986.14 0 3 2.03932
39 2 348.035 0 3 2.04082
9 23 3025.06 0 3 2.04095
3 2 53611 0 3 2.08403
40 2 714.717 0 3 2.04014
0 24 153.059 0 3 1.01996
10 24 1615.73 0 3 2.04143
11 24 3140.43 0 3 2.04245
12 24 2032.24 0 3 2.04291
13 24 1245.56 0 3 2.04313
14 24 1502.3 0 3 2.04403
15 24 1358.18 0 3 2.04344
16 24 1432.13 0 3 2.04293
17 24 1513.39 0 3 2.04365
18 24 1848.12 0 3 2.04548
19 24 1390.6 0 3 2.04473
41 2 598.416 0 3 2.03957
1 24 682469 0 3 2.19764
20 24 1201.18 0 3 2.04213
21 24 1187.05 0 3 2.04087
22 24 1049.74 0 3 2.04192
23 24 1108.81 0 3 2.04439
24 24 905.28 0 3 2.04586
25 24 665.725 0 3 2.04355
26 24 471.768 0 3 2.04206
27 24 716.378 0 3 2.0421
28 24 634.656 0 3 2.04351
29 24 864.7 0 3 2.04391
42 2 594.905 0 3 2.04005
2 24 130837 0 3 2.1004
30 24 737.482 0 3 2.04346
31 24 487.94 0 3 2.04268
32 24 721.22 0 3 2.04171
33 24 448.709 0 3 2.04097
34 24 377.959 0 3 2.04111
35 24 826.867 0 3 2.04069
36 24 408.219 0 3 2.04057
37 24 503.793 0 3 2.04053
38 24 655.182 0 3 2.04098
39 24 348.035 0 3 2.04082
43 2 604.311 0 3 2.04077
3 24 53611 0 3 2.08403
40 24 714.717 0 3 2.04014
41 24 598.416 0 3 2.03957
42 24 594.905 0 3 2.04005
43 24 604.311 0 3 2.04077
44 24 475.242 0 3 2.04068
45 24 557.259 0 3 2.03907
46 24 459.5 0 3 2.03818
47 24 542.332 0 3 2.03854
48 24 498.135 0 3 2.03965
49 24 578.103 0 3 2.04012
44 2 475.242 0 3 2.04068
4 24 19447.1 0 3 2.06235
50 24 427.726 0 3 2.0397
45 2 557.259 0 3 2.03907
5 24 9634.55 0 3 2.04719
46 2 459.5 0 3 2.03818
6 24 6863.32 0 3 2.03826
47 2 542.332 0 3 2.03854
7 24 3514.04 0 3 2.03747
48 2 498.135 0 3 2.03965
8 24 2986.14 0 3 2.03932
49 2 578.103 0 3 2.04012
9 24 3025.06 0 3 2.04095
4 2 19447.1 0 3 2.06235
50 2 427.726 0 3 2.0397
0 25 153.059 0 3 1.01996
10 25 1615.73 0 3 2.04143
11 25 3140.43 0 3 2.04245
12 25 2032.24 0 3 2.04291
13 25 1245.56 0 3 2.04313
14 25 1502.3 0 3 2.04403
15 25 1358.18 0 3 2.04344
16 25 1432.13 0 3 2.04293
17 25 1513.39 0 3 2.04365
18 25 1848.12 0 3 2.04548
19 25 1390.6 0 3 2.04473
1 25 682469 0 3 2.19764
20 25 1201.18 0 3 2.04213
21 25 1187.05 0 3 2.04087
22 25 1049.74 0 3 2.04192
23 25 1108.81 0 3 2.04439
24 25 905.28 0 3 2.04586
25 25 665.725 0 3 2.04355
26 25 471.768 0 3 2.04206
27 25 716.378 0 3 2.0421
28 25 634.656 0 3 2.04351
29 25 864.7 0 3 2.04391
2 25 130837 0 3 2.1004
30 25 737.482 0 3 2.04346
31 25 487.94 0 3 2.04268
32 25 721.22 0 3 2.04171
33 25 448.709 0 3 2.04097
34 25 377.959 0 3 2.04111
35 25 826.867 0 3 2.04069
36 25 408.219 0 3 2.04057
37 25 503.793 0 3 2.04053
38 25 655.182 0 3 2.04098
39 25 348.035 0 3 2.04082
3 25 53611 0 3 2.08403
40 25 714.717 0 3 2.04014
41 25 598.416 0 3 2.03957
42 25 594.905 0 3 2.04005
43 25 604.311 0 3 2.04077
44 25 475.242 0 3 2.04068
45 25 557.259 0 3 2.03907
46 25 459.5 0 3 2.03818
47 25 542.332 0 3 2.03854
48 25 498.135 0 3 2.03965
49 25 578.103 0 3 2.04012
4 25 19447.1 0 3 2.06235
50 25 427.726 0 3 2.0397
5 25 9634.55 0 3 2.04719
6 25 6863.32 0 3 2.03826
7 25 3514.04 0 3 2.03747
8 25 2986.14 0 3 2.03932
9 25 3025.06 0 3 2.04095
5 2 9634.55 0 3 2.04719
0 26 153.059 0 3 1.01996
10 26 1615.73 0 3 2.04143
11 26 3140.43 0 3 2.04245
12 26 2032.24 0 3 2.04291
13 26 1245.56 0 3 2.04313
14 26 1502.3 0 3 2.04403
15 26 1358.18 0 3 2.04344
16 26 1432.13 0 3 2.04293
17 26 1513.39 0 3 2.04365
18 26 1848.12 0 3 2.04548
19 26 1390.6 0 3 2.04473
1 26 682469 0 3 2.19764
20 26 1201.18 0 3 2.04213
21 26 1187.05 0 3 2.04087
22 26 1049.74 0 3 2.04192
23 26 1108.81 0 3 2.04439
24 26 905.28 0 3 2.04586
25 26 665.725 0 3 2.04355
26 26 471.768 0 3 2.04206
27 26 716.378 0 3 2.0421
28 26 634.656 0 3 2.04351
29 26 864.7 0 3 2.04391
2 26 130837 0 3 2.1004
30 26 737.482 0 3 2.04346
31 26 487.94 0 3 2.04268
32 26 721.22 0 3 2.04171
33 26 448.709 0 3 2.04097
34 26 377.959 0 3 2.04111
35 26 826.867 0 3 2.04069
36 26 408.219 0 3 2.04057
37 26 503.793 0 3 2.04053
38 26 655.182 0 3 2.04098
39 26 348.035 0 3 2.04082
3 26 53611 0 3 2.08403
40 26 714.717 0 3 2.04014
41 26 598.416 0 3 2.03957
42 26 594.905 0 3 2.04005
43 26 604.311 0 3 2.04077
44 26 475.242 0 3 2.04068
45 26 557.259 0 3 2.03907
46 26 459.5 0 3 2.03818
47 26 542.332 0 3 2.03854
48 26 498.135 0 3 2.03965
49 26 578.103 0 3 2.04012
4 26 19447.1 0 3 2.06235
50 26 427.726 0 3 2.0397
5 26 9634.55 0 3 2.04719
6 26 6863.32 0 3 2.03826
7 26 3514.04 0 3 2.03747
8 26 2986.14 0 3 2.03932
9 26 3025.06 0 3 2.04095
6 2 6863.32 0 3 2.03826
0 27 153.059 0 3 1.01996
10 27 1615.73 0 3 2.04143
11 27 3140.43 0 3 2.04245
12 27 2032.24 0 3 2.04291
13 27 1245.56 0 3 2.04313
14 27 1502.3 0 3 2.04403
15 27 1358.18 0 3 2.04344
16 27 1432.13 0 3 2.04293
17 27 1513.39 0 3 2.04365
18 27 1848.12 0 3 2.04548
19 27 1390.6 0 3 2.04473
1 27 682469 0 3 2.19764
20 27 1201.18 0 3 2.04213
21 27 1187.05 0 3 2.04087
22 27 1049.74 0 3 2.04192
23 27 1108.81 0 3 2.04439
24 27 905.28 0 3 2.04586
25 27 665.725 0 3 2.04355
26 27 471.768 0 3 2.04206
27 27 716.378 0 3 2.0421
28 27 634.656 0 3 2.04351
29 27 864.7 0 3 2.04391
2 27 130837 0 3 2.1004
30 27 737.482 0 3 2.04346
31 27 487.94 0 3 2.04268
32 27 721.22 0 3 2.04171
33 27 448.709 0 3 2.04097
34 27 377.959 0 3 2.04111
35 27 826.867 0 3 2.04069
36 27 408.219 0 3 2.04057
37 27 503.793 0 3 2.04053
38 27 655.182 0 3 2.04098
39 27 348.035 0 3 2.04082
3 27 53611 0 3 2.08403
40 27 714.717 0 3 2.04014
41 27 598.416 0 3 2.03957
42 27 594.905 0 3 2.04005
43 27 604.311 0 3 2.04077
44 27 475.242 0 3 2.04068
45 27 557.259 0 3 2.03907
46 27 459.5 0 3 2.03818
47 27 542.332 0 3 2.03854
48 27 498.135 0 3 2.03965
49 27 578.103 0 3 2.04012
4 27 19447.1 0 3 2.06235
50 27 427.726 0 3 2.0397
5 27 9634.55 0 3 2.04719
6 27 6863.32 0 3 2.03826
7 27 3514.04 0 3 2.03747
8 27 2986.14 0 3 2.03932
9 27 3025.06 0 3 2.04095
7 2 3514.04 0 3 2.03747
0 28 153.059 0 3 1.01996
10 28 1615.73 0 3 2.04143
11 28 3140.43 0 3 2.04245
12 28 2032.24 0 3 2.04291
13 28 1245.56 0 3 2.04313
14 28 1502.3 0 3 2.04403
15 28 1358.18 0 3 2.04344
16 28 1432.13 0 3 2.04293
17 28 1513.39 0 3 2.04365
18 28 1848.12 0 3 2.04548
19 28 1390.6 0 3 2.04473
1 28 682469 0 3 2.19764
20 28 1201.18 0 3 2.04213
21 28 1187.05 0 3 2.04087
22 28 1049.74 0 3 2.04192
23 28 1108.81 0 3 2.04439
24 28 905.28 0 3 2.04586
25 28 665.725 0 3 2.04355
26 28 471.768 0 3 2.04206
27 28 716.378 0 3 2.0421
28 28 634.656 0 3 2.04351
29 28 864.7 0 3 2.04391
2 28 130837 0 3 2.1004
30 28 737.482 0 3 2.04346
31 28 487.94 0 3 2.04268
32 28 721.22 0 3 2.04171
33 28 448.709 0 3 2.04097
34 28 377.959 0 3 2.04111
35 28 826.867 0 3 2.04069
36 28 408.219 0 3 2.04057
37 28 503.793 0 3 2.04053
38 28 655.182 0 3 2.04098
39 28 348.035 0 3 2.04082
3 28 53611 0 3 2.08403
40 28 714.717 0 3 2.04014
41 28 598.416 0 3 2.03957
42 28 594.905 0 3 2.04005
43 28 604.311 0 3 2.04077
44 28 475.242 0 3 2.04068
45 28 557.259 0 3 2.03907
46 28 459.5 0 3 2.03818
47 28 542.332 0 3 2.03854
48 28 498.135 0 3 2.03965
49 28 578.103 0 3 2.04012
4 28 19447.1 0 3 2.06235
50 28 427.726 0 3 2.0397
5 28 9634.55 0 3 2.04719
6 28 6863.32 0 3 2.03826
7 28 3514.04 0 3 2.03747
8 28 2986.14 0 3 2.03932
9 28 3025.06 0 3 2.04095
8 2 2986.14 0 3 2.03932
0 29 153.059 0 3 1.01996
10 29 1615.73 0 3 2.04143
11 29 3140.43 0 3 2.04245
12 29 2032.24 0 3 2.04291
13 29 1245.56 0 3 2.04313
14 29 1502.3 0 3 2.04403
15 29 1358.18 0 3 2.04344
16 29 1432.13 0 3 2.04293
17 29 1513.39 0 3 2.04365
18 29 1848.12 0 3 2.04548
19 29 1390.6 0 3 2.04473
1 29 682469 0 3 2.19764
20 29 1201.18 0 3 2.04213
21 29 1187.05 0 3 2.04087
22 29 1049.74 0 3 2.04192
23 29 1108.81 0 3 2.04439
24 29 905.28 0 3 2.04586
25 29 665.725 0 3 2.04355
26 29 471.768 0 3 2.04206
27 29 716.378 0 3 2.0421
28 29 634.656 0 3 2.04351
29 29 864.7 0 3 2.04391
2 29 130837 0 3 2.1004
30 29 737.482 0 3 2.04346
31 29 487.94 0 3 2.04268
32 29 721.22 0 3 2.04171
33 29 448.709 0 3 2.04097
34 29 377.959 0 3 2.04111
35 29 826.867 0 3 2.04069
36 29 408.219 0 3 2.04057
37 29 503.793 0 3 2.04053
38 29 655.182 0 3 2.04098
39 29 348.035 0 3 2.04082
3 29 53611 0 3 2.08403
40 29 714.717 0 3 2.04014
41 29 598.416 0 3 2.03957
42 29 594.905 0 3 2.04005
43 29 604.311 0 3 2.04077
44 29 475.242 0 3 2.04068
45 29 557.259 0 3 2.03907
46 29 459.5 0 3 2.03818
47 29 542.332 0 3 2.03854
48 29 498.135 0 3 2.03965
49 29 578.103 0 3 2.04012
4 29 19447.1 0 3 2.06235
50 29 427.726 0 3 2.0397
5 29 9634.55 0 3 2.04719
6 29 6863.32 0 3 2.03826
7 29 3514.04 0 3 2.03747
8 29 2986.14 0 3 2.03932
9 29 3025.06 0 3 2.04095
9 2 3025.06 0 3 2.04095
0 30 153.059 0 3 1.01996
10 30 1615.73 0 3 2.04143
11 30 3140.43 0 3 2.04245
12 30 2032.24 0 3 2.04291
13 30 1245.56 0 3 2.04313
14 30 1502.3 0 3 2.04403
15 30 1358.18 0 3 2.04344
16 30 1432.13 0 3 2.04293
17 30 1513.39 0 3 2.04365
18 30 1848.12 0 3 2.04548
19 30 1390.6 0 3 2.04473
1 30 682469 0 3 2.19764
20 30 1201.18 0 3 2.04213
21 30 1187.05 0 3 2.04087
22 30 1049.74 0 3 2.04192
23 30 1108.81 0 3 2.04439
24 30 905.28 0 3 2.04586
25 30 665.725 0 3 2.04355
26 30 471.768 0 3 2.04206
27 30 716.378 0 3 2.0421
28 30 634.656 0 3 2.04351
29 30 864.7 0 3 2.04391
2 30 130837 0 3 2.1004
30 30 737.482 0 3 2.04346
31 30 487.94 0 3 2.04268
32 30 721.22 0 3 2.04171
33 30 448.709 0 3 2.04097
34 30 377.959 0 3 2.04111
35 30 826.867 0 3 2.04069
36 30 408.219 0 3 2.04057
37 30 503.793 0 3 2.04053
38 30 655.182 0 3 2.04098
39 30 348.035 0 3 2.04082
3 30 53611 0 3 2.08403
40 30 714.717 0 3 2.04014
41 30 598.416 0 3 2.03957
42 30 594.905 0 3 2.04005
43 30 604.311 0 3 2.04077
44 30 475.242 0 3 2.04068
45 30 557.259 0 3 2.03907
46 30 459.5 0 3 2.03818
47 30 542.332 0 3 2.03854
48 30 498.135 0 3 2.03965
49 30 578.103 0 3 2.04012
4 30 19447.1 0 3 2.06235
50 30 427.726 0 3 2.0397
5 30 9634.55 0 3 2.04719
6 30 6863.32 0 3 2.03826
7 30 3514.04 0 3 2.03747
8 30 2986.14 0 3 2.03932
9 30 3025.06 0 3 2.04095
0 3 153.059 0 3 1.01996
10 3 1615.73 0 3 2.04143
0 31 153.059 0 3 1.01996
10 31 1615.73 0 3 2.04143
11 31 3140.43 0 3 2.04245
12 31 2032.24 0 3 2.04291
13 31 1245.56 0 3 2.04313
14 31 1502.3 0 3 2.04403
15 31 1358.18 0 3 2.04344
16 31 1432.13 0 3 2.04293
17 31 1513.39 0 3 2.04365
18 31 1848.12 0 3 2.04548
19 31 1390.6 0 3 2.04473
11 3 3140.43 0 3 2.04245
1 31 682469 0 3 2.19764
20 31 1201.18 0 3 2.04213
21 31 1187.05 0 3 2.04087
22 31 1049.74 0 3 2.04192
23 31 1108.81 0 3 2.04439
24 31 905.28 0 3 2.04586
25 31 665.725 0 3 2.04355
26 31 471.768 0 3 2.04206
27 31 716.378 0 3 2.0421
28 31 634.656 0 3 2.04351
29 31 864.7 0 3 2.04391
12 3 2032.24 0 3 2.04291
2 31 130837 0 3 2.1004
30 31 737.482 0 3 2.04346
31 31 487.94 0 3 2.04268
32 31 721.22 0 3 2.04171
33 31 448.709 0 3 2.04097
34 31 377.959 0 3 2.04111
35 31 826.867 0 3 2.04069
36 31 408.219 0 3 2.04057
37 31 503.793 0 3 2.04053
38 31 655.182 0 3 2.04098
39 31 348.035 0 3 2.04082
13 3 1245.56 0 3 2.04313
3 31 53611 0 3 2.08403
40 31 714.717 0 3 2.04014
41 31 598.416 0 3 2.03957
42 31 594.905 0 3 2.04005
43 31 604.311 0 3 2.04077
44 31 475.242 0 3 2.04068
45 31 557.259 0 3 2.03907
46 31 459.5 0 3 2.03818
47 31 542.332 0 3 2.03854
48 31 498.135 0 3 2.03965
49 31 578.103 0 3 2.04012
14 3 1502.3 0 3 2.04403
4 31 19447.1 0 3 2.06235
50 31 427.726 0 3 2.0397
15 3 1358.18 0 3 2.04344
5 31 9634.55 0 3 2.04719
16 3 1432.13 0 3 2.04293
6 31 6863.32 0 3 2.03826
17 3 1513.39 0 3 2.04365
7 31 3514.04 0 3 2.03747
18 3 1848.12 0 3 2.04548
8 31 2986.14 0 3 2.03932
19 3 1390.6 0 3 2.04473
9 31 3025.06 0 3 2.04095
1 3 682469 0 3 2.19764
20 3 1201.18 0 3 2.04213
0 32 153.059 0 3 1.01996
10 32 1615.73 0 3 2.04143
11 32 3140.43 0 3 2.04245
12 32 2032.24 0 3 2.04291
13 32 1245.56 0 3 2.04313
14 32 1502.3 0 3 2.04403
15 32 1358.18 0 3 2.04344
16 32 1432.13 0 3 2.04293
17 32 1513.39 0 3 2.04365
18 32 1848.12 0 3 2.04548
19 32 1390.6 0 3 2.04473
21 3 1187.05 0 3 2.04087
1 32 682469 0 3 2.19764
20 32 1201.18 0 3 2.04213
21 32 1187.05 0 3 2.04087
22 32 1049.74 0 3 2.04192
23 32 1108.81 0 3 2.04439
24 32 905.28 0 3 2.04586
25 32 665.725 0 3 2.04355
26 32 471.768 0 3 2.04206
27 32 716.378 0 3 2.0421
28 32 634.656 0 3 2.04351
29 32 864.7 0 3 2.04391
22 3 1049.74 0 3 2.04192
2 32 130837 0 3 2.1004
30 32 737.482 0 3 2.04346
31 32 487.94 0 3 2.04268
32 32 721.22 0 3 2.04171
33 32 448.709 0 3 2.04097
34 32 377.959 0 3 2.04111
35 32 826.867 0 3 2.04069
36 32 408.219 0 3 2.04057
37 32 503.793 0 3 2.04053
38 32 655.182 0 3 2.04098
39 32 348.035 0 3 2.04082
23 3 1108.81 0 3 2.04439
3 32 53611 0 3 2.08403
40 32 714.717 0 3 2.04014
41 32 598.416 0 3 2.03957
42 32 594.905 0 3 2.04005
43 32 604.311 0 3 2.04077
44 32 475.242 0 3 2.04068
45 32 557.259 0 3 2.03907
46 32 459.5 0 3 2.03818
47 32 542.332 0 3 2.03854
48 32 498.135 0 3 2.03965
49 32 578.103 0 3 2.04012
24 3 905.28 0 3 2.04586
4 32 19447.1 0 3 2.06235
50 32 427.726 0 3 2.0397
25 3 665.725 0 3 2.04355
5 32 9634.55 0 3 2.04719
26 3 471.768 0 3 2.04206
6 32 6863.32 0 3 2.03826
27 3 716.378 0 3 2.0421
7 32 3514.04 0 3 2.03747
28 3 634.656 0 3 2.04351
8 32 2986.14 0 3 2.03932
29 3 864.7 0 3 2.04391
9 32 3025.06 0 3 2.04095
2 3 130837 0 3 2.1004
30 3 737.482 0 3 2.04346
0 33 153.059 0 3 1.01996
10 33 1615.73 0 3 2.04143
11 33 3140.43 0 3 2.04245
12 33 2032.24 0 3 2.04291
13 33 1245.56 0 3 2.04313
14 33 1502.3 0 3 2.04403
15 33 1358.18 0 3 2.04344
16 33 1432.13 0 3 2.04293
17 33 1513.39 0 3 2.04365
18 33 1848.12 0 3 2.04548
19 33 1390.6 0 3 2.04473
31 3 487.94 0 3 2.04268
1 33 682469 0 3 2.19764
20 33 1201.18 0 3 2.04213
21 33 1187.05 0 3 2.04087
22 33 1049.74 0 3 2.04192
23 33 1108.81 0 3 2.04439
24 33 905.28 0 3 2.04586
25 33 665.725 0 3 2.04355
26 33 471.768 0 3 2.04206
27 33 716.378 0 3 2.0421
28 33 634.656 0 3 2.04351
29 33 864.7 0 3 2.04391
32 3 721.22 0 3 2.04171
2 33 130837 0 3 2.1004
30 33 737.482 0 3 2.04346
31 33 487.94 0 3 2.04268
32 33 721.22 0 3 2.04171
33 33 448.709 0 3 2.04097
34 33 377.959 0 3 2.04111
35 33 826.867 0 3 2.04069
36 33 408.219 0 3 2.04057
37 33 503.793 0 3 2.04053
38 33 655.182 0 3 2.04098
39 33 348.035 0 3 2.04082
33 3 448.709 0 3 2.04097
3 33 53611 0 3 2.08403
40 33 714.717 0 3 2.04014
41 33 598.416 0 3 2.03957
42 33 594.905 0 3 2.04005
43 33 604.311 0 3 2.04077
44 33 475.242 0 3 2.04068
45 33 557.259 0 3 2.03907
46 33 459.5 0 3 2.03818
47 33 542.332 0 3 2.03854
48 33 498.135 0 3 2.03965
49 33 578.103 0 3 2.04012
34 3 377.959 0 3 2.04111
4 33 19447.1 0 3 2.06235
50 33 427.726 0 3 2.0397
35 3 826.867 0 3 2.04069
5 33 9634.55 0 3 2.04719
36 3 408.219 0 3 2.04057
6 33 6863.32 0 3 2.03826
37 3 503.793 0 3 2.04053
7 33 3514.04 0 3 2.03747
38 3 655.182 0 3 2.04098
8 33 2986.14 0 3 2.03932
39 3 348.035 0 3 2.04082
9 33 3025.06 0 3 2.04095
3 3 53611 0 3 2.08403
40 3 714.717 0 3 2.04014
0 34 153.059 0 3 1.01996
10 34 1615.73 0 3 2.04143
11 34 3140.43 0 3 2.04245
12 34 2032.24 0 3 2.04291
13 34 1245.56 0 3 2.04313
14 34 1502.3 0 3 2.04403
15 34 1358.18 0 3 2.04344
16 34 1432.13 0 3 2.04293
17 34 1513.39 0 3 2.04365
18 34 1848.12 0 3 2.04548
19 34 1390.6 0 3 2.04473
41 3 598.416 0 3 2.03957
1 34 682469 0 3 2.19764
20 34 1201.18 0 3 2.04213
21 34 1187.05 0 3 2.04087
22 34 1049.74 0 3 2.04192
23 34 1108.81 0 3 2.04439
24 34 905.28 0 3 2.04586
25 34 665.725 0 3 2.04355
26 34 471.768 0 3 2.04206
27 34 716.378 0 3 2.0421
28 34 634.656 0 3 2.04351
29 34 864.7 0 3 2.04391
42 3 594.905 0 3 2.04005
2 34 130837 0 3 2.1004
30 34 737.482 0 3 2.04346
31 34 487.94 0 3 2.04268
32 34 721.22 0 3 2.04171
33 34 448.709 0 3 2.04097
34 34 377.959 0 3 2.04111
35 34 826.867 0 3 2.04069
36 34 408.219 0 3 2.04057
37 34 503.793 0 3 2.04053
38 34 655.182 0 3 2.04098
39 34 348.035 0 3 2.04082
43 3 604.311 0 3 2.04077
3 34 53611 0 3 2.08403
40 34 714.717 0 3 2.04014
41 34 598.416 0 3 2.03957
42 34 594.905 0 3 2.04005
43 34 604.311 0 3 2.04077
44 34 475.242 0 3 2.04068
45 34 557.259 0 3 2.03907
46 34 459.5 0 3 2.03818
47 34 542.332 0 3 2.03854
48 34 498.135 0 3 2.03965
49 34 578.103 0 3 2.04012
44 3 475.242 0 3 2.04068
4 34 19447.1 0 3 2.06235
50 34 427.726 0 3 2.0397
45 3 557.259 0 3 2.03907
5 34 9634.55 0 3 2.04719
46 3 459.5 0 3 2.03818
6 34 6863.32 0 3 2.03826
47 3 542.332 0 3 2.03854
7 34 3514.04 0 3 2.03747
48 3 498.135 0 3 2.03965
8 34 2986.14 0 3 2.03932
49 3 578.103 0 3 2.04012
9 34 3025.06 0 3 2.04095
4 3 19447.1 0 3 2.06235
50 3 427.726 0 3 2.0397
0 35 153.059 0 3 1.01996
10 35 1615.73 0 3 2.04143
11 35 3140.43 0 3 2.04245
12 35 2032.24 0 3 2.04291
13 35 1245.56 0 3 2.04313
14 35 1502.3 0 3 2.04403
15 35 1358.18 0 3 2.04344
16 35 1432.13 0 3 2.04293
17 35 1513.39 0 3 2.04365
18 35 1848.12 0 3 2.04548
19 35 1390.6 0 3 2.04473
1 35 682469 0 3 2.19764
20 35 1201.18 0 3 2.04213
21 35 1187.05 0 3 2.04087
22 35 1049.74 0 3 2.04192
23 35 1108.81 0 3 2.04439
24 35 905.28 0 3 2.04586
25 35 665.725 0 3 2.04355
26 35 471.768 0 3 2.04206
27 35 716.378 0 3 2.0421
28 35 634.656 0 3 2.04351
29 35 864.7 0 3 2.04391
2 35 130837 0 3 2.1004
30 35 737.482 0 3 2.04346
31 35 487.94 0 3 2.04268
32 35 721.22 0 3 2.04171
33 35 448.709 0 3 2.04097
34 35 377.959 0 3 2.04111
35 35 826.867 0 3 2.04069
36 35 408.219 0 3 2.04057
37 35 503.793 0 3 2.04053
38 35 655.182 0 3 2.04098
39 35 348.035 0 3 2.04082
3 35 53611 0 3 2.08403
40 35 714.717 0 3 2.04014
41 35 598.416 0 3 2.03957
42 35 594.905 0 3 2.04005
43 35 604.311 0 3 2.04077
44 35 475.242 0 3 2.04068
45 35 557.259 0 3 2.03907
46 35 459.5 0 3 2.03818
47 35 542.332 0 3 2.03854
48 35 498.135 0 3 2.03965
49 35 578.103 0 3 2.04012
4 35 19447.1 0 3 2.06235
50 35 427.726 0 3 2.0397
5 35 9634.55 0 3 2.04719
6 35 6863.32 0 3 2.03826
7 35 3514.04 0 3 2.03747
8 35 2986.14 0 3 2.03932
9 35 3025.06 0 3 2.04095
5 3 9634.55 0 3 2.04719
0 36 153.059 0 3 1.01996
10 36 1615.73 0 3 2.04143
11 36 3140.43 0 3 2.04245
12 36 2032.24 0 3 2.04291
13 36 1245.56 0 3 2.04313
14 36 1502.3 0 3 2.04403
15 36 1358.18 0 3 2.04344
16 36 1432.13 0 3 2.04293
17 36 1513.39 0 3 2.04365
18 36 1848.12 0 3 2.04548
19 36 1390.6 0 3 2.04473
1 36 682469 0 3 2.19764
20 36 1201.18 0 3 2.04213
21 36 1187.05 0 3 2.04087
22 36 1049.74 0 3 2.04192
23 36 1108.81 0 3 2.04439
24 36 905.28 0 3 2.04586
25 36 665.725 0 3 2.04355
26 36 471.768 0 3 2.04206
27 36 716.378 0 3 2.0421
28 36 634.656 0 3 2.04351
29 36 864.7 0 3 2.04391
2 36 130837 0 3 2.1004
30 36 737.482 0 3 2.04346
31 36 487.94 0 3 2.04268
32 36 721.22 0 3 2.04171
33 36 448.709 0 3 2.04097
34 36 377.959 0 3 2.04111
35 36 826.867 0 3 2.04069
36 36 408.219 0 3 2.04057
37 36 503.793 0 3 2.04053
38 36 655.182 0 3 2.04098
39 36 348.035 0 3 2.04082
3 36 53611 0 3 2.08403
40 36 714.717 0 3 2.04014
41 36 598.416 0 3 2.03957
42 36 594.905 0 3 2.04005
43 36 604.311 0 3 2.04077
44 36 475.242 0 3 2.04068
45 36 557.259 0 3 2.03907
46 36 459.5 0 3 2.03818
47 36 542.332 0 3 2.03854
48 36 498.135 0 3 2.03965
49 36 578.103 0 3 2.04012
4 36 19447.1 0 3 2.06235
50 36 427.726 0 3 2.0397
5 36 9634.55 0 3 2.04719
6 36 6863.32 0 3 2.03826
7 36 3514.04 0 3 2.03747
8 36 2986.14 0 3 2.03932
9 36 3025.06 0 3 2.04095
6 3 6863.32 0 3 2.03826
0 37 153.059 0 3 1.01996
10 37 1615.73 0 3 2.04143
11 37 3140.43 0 3 2.04245
12 37 2032.24 0 3 2.04291
13 37 1245.56 0 3 2.04313
14 37 1502.3 0 3 2.04403
15 37 1358.18 0 3 2.04344
16 37 1432.13 0 3 2.04293
17 37 1513.39 0 3 2.04365
18 37 1848.12 0 3 2.04548
19 37 1390.6 0 3 2.04473
1 37 682469 0 3 2.19764
20 37 1201.18 0 3 2.04213
21 37 1187.05 0 3 2.04087
22 37 1049.74 0 3 2.04192
23 37 1108.81 0 3 2.04439
24 37 905.28 0 3 2.04586
25 37 665.725 0 3 2.04355
26 37 471.768 0 3 2.04206
27 37 716.378 0 3 2.0421
28 37 634.656 0 3 2.04351
29 37 864.7 0 3 2.04391
2 37 130837 0 3 2.1004
30 37 737.482 0 3 2.04346
31 37 487.94 0 3 2.04268
32 37 721.22 0 3 2.04171
33 37 448.709 0 3 2.04097
34 37 377.959 0 3 2.04111
35 37 826.867 0 3 2.04069
36 37 408.219 0 3 2.04057
37 37 503.793 0 3 2.04053
38 37 655.182 0 3 2.04098
39 37 348.035 0 3 2.04082
3 37 53611 0 3 2.08403
40 37 714.717 0 3 2.04014
41 37 598.416 0 3 2.03957
42 37 594.905 0 3 2.04005
43 37 604.311 0 3 2.04077
44 37 475.242 0 3 2.04068
45 37 557.259 0 3 2.03907
46 37 459.5 0 3 2.03818
47 37 542.332 0 3 2.03854
48 37 498.135 0 3 2.03965
49 37 578.103 0 3 2.04012
4 37 19447.1 0 3 2.06235
50 37 427.726 0 3 2.0397
5 37 9634.55 0 3 2.04719
6 37 6863.32 0 3 2.03826
7 37 3514.04 0 3 2.03747
8 37 2986.14 0 3 2.03932
9 37 3025.06 0 3 2.04095
7 3 3514.04 0 3 2.03747
0 38 153.059 0 3 1.01996
10 38 1615.73 0 3 2.04143
11 38 3140.43 0 3 2.04245
12 38 2032.24 0 3 2.04291
13 38 1245.56 0 3 2.04313
14 38 1502.3 0 3 2.04403
15 38 1358.18 0 3 2.04344
16 38 1432.13 0 3 2.04293
17 38 1513.39 0 3 2.04365
18 38 1848.12 0 3 2.04548
19 38 1390.6 0 3 2.04473
1 38 682469 0 3 2.19764
20 38 1201.18 0 3 2.04213
21 38 1187.05 0 3 2.04087
22 38 1049.74 0 3 2.04192
23 38 1108.81 0 3 2.04439
24 38 905.28 0 3 2.04586
25 38 665.725 0 3 2.04355
26 38 471.768 0 3 2.04206
27 38 716.378 0 3 2.0421
28 38 634.656 0 3 2.04351
29 38 864.7 0 3 2.04391
2 38 130837 0 3 2.1004
30 38 737.482 0 3 2.04346
31 38 487.94 0 3 2.04268
32 38 721.22 0 3 2.04171
33 38 448.709 0 3 2.04097
34 38 377.959 0 3 2.04111
35 38 826.867 0 3 2.04069
36 38 408.219 0 3 2.04057
37 38 503.793 0 3 2.04053
38 38 655.182 0 3 2.04098
39 38 348.035 0 3 2.04082
3 38 53611 0 3 2.08403
40 38 714.717 0 3 2.04014
41 38 598.416 0 3 2.03957
42 38 594.905 0 3 2.04005
43 38 604.311 0 3 2.04077
44 38 475.242 0 3 2.04068
45 38 557.259 0 3 2.03907
46 38 459.5 0 3 2.03818
47 38 542.332 0 3 2.03854
48 38 498.135 0 3 2.03965
49 38 578.103 0 3 2.04012
4 38 19447.1 0 3 2.06235
50 38 427.726 0 3 2.0397
5 38 9634.55 0 3 2.04719
6 38 6863.32 0 3 2.03826
7 38 3514.04 0 3 2.03747
8 38 2986.14 0 3 2.03932
9 38 3025.06 0 3 2.04095
8 3 2986.14 0 3 2.03932
0 39 153.059 0 3 1.01996
10 39 1615.73 0 3 2.04143
11 39 3140.43 0 3 2.04245
12 39 2032.24 0 3 2.04291
13 39 1245.56 0 3 2.04313
14 39 1502.3 0 3 2.04403
15 39 1358.18 0 3 2.04344
16 39 1432.13 0 3 2.04293
17 39 1513.39 0 3 2.04365
18 39 1848.12 0 3 2.04548
19 39 1390.6 0 3 2.04473
1 39 682469 0 3 2.19764
20 39 1201.18 0 3 2.04213
21 39 1187.05 0 3 2.04087
22 39 1049.74 0 3 2.04192
23 39 1108.81 0 3 2.04439
24 39 905.28 0 3 2.04586
25 39 665.725 0 3 2.04355
26 39 471.768 0 3 2.04206
27 39 716.378 0 3 2.0421
28 39 634.656 0 3 2.04351
29 39 864.7 0 3 2.04391
2 39 130837 0 3 2.1004
30 39 737.482 0 3 2.04346
31 39 487.94 0 3 2.04268
32 39 721.22 0 3 2.04171
33 39 448.709 0 3 2.04097
34 39 377.959 0 3 2.04111
35 39 826.867 0 3 2.04069
36 39 408.219 0 3 2.04057
37 39 503.793 0 3 2.04053
38 39 655.182 0 3 2.04098
39 39 348.035 0 3 2.04082
3 39 53611 0 3 2.08403
40 39 714.717 0 3 2.04014
41 39 598.416 0 3 2.03957
42 39 594.905 0 3 2.04005
43 39 604.311 0 3 2.04077
44 39 475.242 0 3 2.04068
45 39 557.259 0 3 2.03907
46 39 459.5 0 3 2.03818
47 39 542.332 0 3 2.03854
48 39 498.135 0 3 2.03965
49 39 578.103 0 3 2.04012
4 39 19447.1 0 3 2.06235
50 39 427.726 0 3 2.0397
5 39 9634.55 0 3 2.04719
6 39 6863.32 0 3 2.03826
7 39 3514.04 0 3 2.03747
8 39 2986.14 0 3 2.03932
9 39 3025.06 0 3 2.04095
9 3 3025.06 0 3 2.04095
0 40 153.059 0 3 1.01996
10 40 1615.73 0 3 2.04143
11 40 3140.43 0 3 2.04245
12 40 2032.24 0 3 2.04291
13 40 1245.56 0 3 2.04313
14 40 1502.3 0 3 2.04403
15 40 1358.18 0 3 2.04344
16 40 1432.13 0 3 2.04293
17 40 1513.39 0 3 2.04365
18 40 1848.12 0 3 2.04548
19 40 1390.6 0 3 2.04473
1 40 682469 0 3 2.19764
20 40 1201.18 0 3 2.04213
21 40 1187.05 0 3 2.04087
22 40 1049.74 0 3 2.04192
23 40 1108.81 0 3 2.04439
24 40 905.28 0 3 2.04586
25 40 665.725 0 3 2.04355
26 40 471.768 0 3 2.04206
27 40 716.378 0 3 2.0421
28 40 634.656 0 3 2.04351
29 40 864.7 0 3 2.04391
2 40 130837 0 3 2.1004
30 40 737.482 0 3 2.04346
31 40 487.94 0 3 2.04268
32 40 721.22 0 3 2.04171
33 40 448.709 0 3 2.04097
34 40 377.959 0 3 2.04111
35 40 826.867 0 3 2.04069
36 40 408.219 0 3 2.04057
37 40 503.793 0 3 2.04053
38 40 655.182 0 3 2.04098
39 40 348.035 0 3 2.04082
3 40 53611 0 3 2.08403
40 40 714.717 0 3 2.04014
41 40 598.416 0 3 2.03957
42 40 594.905 0 3 2.04005
43 40 604.311 0 3 2.04077
44 40 475.242 0 3 2.04068
45 40 557.259 0 3 2.03907
46 40 459.5 0 3 2.03818
47 40 542.332 0 3 2.03854
48 40 498.135 0 3 2.03965
49 40 578.103 0 3 2.04012
4 40 19447.1 0 3 2.06235
50 40 427.726 0 3 2.0397
5 40 9634.55 0 3 2.04719
6 40 6863.32 0 3 2.03826
7 40 3514.04 0 3 2.03747
8 40 2986.14 0 3 2.03932
9 40 3025.06 0 3 2.04095
0 4 153.059 0 3 1.01996
10 4 1615.73 0 3 2.04143
0 41 153.059 0 3 1.01996
10 41 1615.73 0 3 2.04143
11 41 3140.43 0 3 2.04245
12 41 2032.24 0 3 2.04291
13 41 1245.56 0 3 2.04313
14 41 1502.3 0 3 2.04403
15 41 1358.18 0 3 2.04344
16 41 1432.13 0 3 2.04293
17 41 1513.39 0 3 2.04365
18 41 1848.12 0 3 2.04548
19 41 1390.6 0 3 2.04473
11 4 3140.43 0 3 2.04245
1 41 682469 0 3 2.19764
20 41 1201.18 0 3 2.04213
21 41 1187.05 0 3 2.04087
22 41 1049.74 0 3 2.04192
23 41 1108.81 0 3 2.04439
24 41 905.28 0 3 2.04586
25 41 665.725 0 3 2.04355
26 41 471.768 0 3 2.04206
27 41 716.378 0 3 2.0421
28 41 634.656 0 3 2.04351
29 41 864.7 0 3 2.04391
12 4 2032.24 0 3 2.04291
2 41 130837 0 3 2.1004
30 41 737.482 0 3 2.04346
31 41 487.94 0 3 2.04268
32 41 721.22 0 3 2.04171
33 41 448.709 0 3 2.04097
34 41 377.959 0 3 2.04111
35 41 826.867 0 3 2.04069
36 41 408.219 0 3 2.04057
37 41 503.793 0 3 2.04053
38 41 655.182 0 3 2.04098
39 41 348.035 0 3 2.04082
13 4 1245.56 0 3 2.04313
3 41 53611 0 3 2.08403
40 41 714.717 0 3 2.04014
41 41 598.416 0 3 2.03957
42 41 594.905 0 3 2.04005
43 41 604.311 0 3 2.04077
44 41 475.242 0 3 2.04068
45 41 557.259 0 3 2.03907
46 41 459.5 0 3 2.03818
47 41 542.332 0 3 2.03854
48 41 498.135 0 3 2.03965
49 41 578.103 0 3 2.04012
14 4 1502.3 0 3 2.04403
4 41 19447.1 0 3 2.06235
50 41 427.726 0 3 2.0397
15 4 1358.18 0 3 2.04344
5 41 9634.55 0 3 2.04719
16 4 1432.13 0 3 2.04293
6 41 6863.32 0 3 2.03826
17 4 1513.39 0 3 2.04365
7 41 3514.04 0 3 2.03747
18 4 1848.12 0 3 2.04548
8 41 2986.14 0 3 2.03932
19 4 1390.6 0 3 2.04473
9 41 3025.06 0 3 2.04095
1 4 682469 0 3 2.19764
20 4 1201.18 0 3 2.04213
0 42 153.059 0 3 1.01996
10 42 1615.73 0 3 2.04143
11 42 3140.43 0 3 2.04245
12 42 2032.24 0 3 2.04291
13 42 1245.56 0 3 2.04313
14 42 1502.3 0 3 2.04403
15 42 1358.18 0 3 2.04344
16 42 1432.13 0 3 2.04293
17 42 1513.39 0 3 2.04365
18 42 1848.12 0 3 2.04548
19 42 1390.6 0 3 2.04473
21 4 1187.05 0 3 2.04087
1 42 682469 0 3 2.19764
20 42 1201.18 0 3 2.04213
21 42 1187.05 0 3 2.04087
22 42 1049.74 0 3 2.04192
23 42 1108.81 0 3 2.04439
24 42 905.28 0 3 2.04586
25 42 665.725 0 3 2.04355
26 42 471.768 0 3 2.04206
27 42 716.378 0 3 2.0421
28 42 634.656 0 3 2.04351
29 42 864.7 0 3 2.04391
22 4 1049.74 0 3 2.04192
2 42 130837 0 3 2.1004
30 42 737.482 0 3 2.04346
31 42 487.94 0 3 2.04268
32 42 721.22 0 3 2.04171
33 42 448.709 0 3 2.04097
34 42 377.959 0 3 2.04111
35 42 826.867 0 3 2.04069
36 42 408.219 0 3 2.04057
37 42 503.793 0 3 2.04053
38 42 655.182 0 3 2.04098
39 42 348.035 0 3 2.04082
23 4 1108.81 0 3 2.04439
3 42 53611 0 3 2.08403
40 42 714.717 0 3 2.04014
41 42 598.416 0 3 2.03957
42 42 594.905 0 3 2.04005
43 42 604.311 0 3 2.04077
44 42 475.242 0 3 2.04068
45 42 557.259 0 3 2.03907
46 42 459.5 0 3 2.03818
47 42 542.332 0 3 2.03854
48 42 498.135 0 3 2.03965
49 42 578.103 0 3 2.04012
24 4 905.28 0 3 2.04586
4 42 19447.1 0 3 2.06235
50 42 427.726 0 3 2.0397
25 4 665.725 0 3 2.04355
5 42 9634.55 0 3 2.04719
26 4 471.768 0 3 2.04206
6 42 6863.32 0 3 2.03826
27 4 716.378 0 3 2.0421
7 42 3514.04 0 3 2.03747
28 4 634.656 0 3 2.04351
8 42 2986.14 0 3 2.03932
29 4 864.7 0 3 2.04391
9 42 3025.06 0 3 2.04095
2 4 130837 0 3 2.1004
30 4 737.482 0 3 2.04346
0 43 153.059 0 3 1.01996
10 43 1615.73 0 3 2.04143
11 43 3140.43 0 3 2.04245
12 43 2032.24 0 3 2.04291
13 43 1245.56 0 3 2.04313
14 43 1502.3 0 3 2.04403
15 43 1358.18 0 3 2.04344
16 43 1432.13 0 3 2.04293
17 43 1513.39 0 3 2.04365
18 43 1848.12 0 3 2.04548
19 43 1390.6 0 3 2.04473
31 4 487.94 0 3 2.04268
1 43 682469 0 3 2.19764
20 43 1201.18 0 3 2.04213
21 43 1187.05 0 3 2.04087
22 43 1049.74 0 3 2.04192
23 43 1108.81 0 3 2.04439
24 43 905.28 0 3 2.04586
25 43 665.725 0 3 2.04355
26 43 471.768 0 3 2.04206
27 43 716.378 0 3 2.0421
28 43 634.656 0 3 2.04351
29 43 864.7 0 3 2.04391
32 4 721.22 0 3 2.04171
2 43 130837 0 3 2.1004
30 43 737.482 0 3 2.04346
31 43 487.94 0 3 2.04268
32 43 721.22 0 3 2.04171
33 43 448.709 0 3 2.04097
34 43 377.959 0 3 2.04111
35 43 826.867 0 3 2.04069
36 43 408.219 0 3 2.04057
37 43 503.793 0 3 2.04053
38 43 655.182 0 3 2.04098
39 43 348.035 0 3 2.04082
33 4 448.709 0 3 2.04097
3 43 53611 0 3 2.08403
40 43 714.717 0 3 2.04014
41 43 598.416 0 3 2.03957
42 43 594.905 0 3 2.04005
43 43 604.311 0 3 2.04077
44 43 475.242 0 3 2.04068
45 43 557.259 0 3 2.03907
46 43 459.5 0 3 2.03818
47 43 542.332 0 3 2.03854
48 43 498.135 0 3 2.03965
49 43 578.103 0 3 2.04012
34 4 377.959 0 3 2.04111
4 43 19447.1 0 3 2.06235
50 43 427.726 0 3 2.0397
35 4 826.867 0 3 2.04069
5 43 9634.55 0 3 2.04719
36 4 408.219 0 3 2.04057
6 43 6863.32 0 3 2.03826
37 4 503.793 0 3 2.04053
7 43 3514.04 0 3 2.03747
38 4 655.182 0 3 2.04098
8 43 2986.14 0 3 2.03932
39 4 348.035 0 3 2.04082
9 43 3025.06 0 3 2.04095
3 4 53611 0 3 2.08403
40 4 714.717 0 3 2.04014
0 44 153.059 0 3 1.01996
10 44 1615.73 0 3 2.04143
11 44 3140.43 0 3 2.04245
12 44 2032.24 0 3 2.04291
13 44 1245.56 0 3 2.04313
14 44 1502.3 0 3 2.04403
15 44 1358.18 0 3 2.04344
16 44 1432.13 0 3 2.04293
17 44 1513.39 0 3 2.04365
18 44 1848.12 0 3 2.04548
19 44 1390.6 0 3 2.04473
41 4 598.416 0 3 2.03957
1 44 682469 0 3 2.19764
20 44 1201.18 0 3 2.04213
21 44 1187.05 0 3 2.04087
22 44 1049.74 0 3 2.04192
23 44 1108.81 0 3 2.04439
24 44 905.28 0 3 2.04586
25 44 665.725 0 3 2.04355
26 44 471.768 0 3 2.04206
27 44 716.378 0 3 2.0421
28 44 634.656 0 3 2.04351
29 44 864.7 0 3 2.04391
42 4 594.905 0 3 2.04005
2 44 130837 0 3 2.1004
30 44 737.482 0 3 2.04346
31 44 487.94 0 3 2.04268
32 44 721.22 0 3 2.04171
33 44 448.709 0 3 2.04097
34 44 377.959 0 3 2.04111
35 44 826.867 0 3 2.04069
36 44 408.219 0 3 2.04057
37 44 503.793 0 3 2.04053
38 44 655.182 0 3 2.04098
39 44 348.035 0 3 2.04082
43 4 604.311 0 3 2.04077
3 44 53611 0 3 2.08403
40 44 714.717 0 3 2.04014
41 44 598.416 0 3 2.03957
42 44 594.905 0 3 2.04005
43 44 604.311 0 3 2.04077
44 44 475.242 0 3 2.04068
45 44 557.259 0 3 2.03907
46 44 459.5 0 3 2.03818
47 44 542.332 0 3 2.03854
48 44 498.135 0 3 2.03965
49 44 578.103 0 3 2.04012
44 4 475.242 0 3 2.04068
4 44 19447.1 0 3 2.06235
50 44 427.726 0 3 2.0397
45 4 557.259 0 3 2.03907
5 44 9634.55 0 3 2.04719
46 4 459.5 0 3 2.03818
6 44 6863.32 0 3 2.03826
47 4 542.332 0 3 2.03854
7 44 3514.04 0 3 2.03747
48 4 498.135 0 3 2.03965
8 44 2986.14 0 3 2.03932
49 4 578.103 0 3 2.04012
9 44 3025.06 0 3 2.04095
4 4 19447.1 0 3 2.06235
50 4 427.726 0 3 2.0397
0 45 153.059 0 3 1.01996
10 45 1615.73 0 3 2.04143
11 45 3140.43 0 3 2.04245
12 45 2032.24 0 3 2.04291
13 45 1245.56 0 3 2.04313
14 45 1502.3 0 3 2.04403
15 45 1358.18 0 3 2.04344
16 45 1432.13 0 3 2.04293
17 45 1513.39 0 3 2.04365
18 45 1848.12 0 3 2.04548
19 45 1390.6 0 3 2.04473
1 45 682469 0 3 2.19764
20 45 1201.18 0 3 2.04213
21 45 1187.05 0 3 2.04087
22 45 1049.74 0 3 2.04192
23 45 1108.81 0 3 2.04439
24 45 905.28 0 3 2.04586
25 45 665.725 0 3 2.04355
26 45 471.768 0 3 2.04206
27 45 716.378 0 3 2.0421
28 45 634.656 0 3 2.04351
29 45 864.7 0 3 2.04391
2 45 130837 0 3 2.1004
30 45 737.482 0 3 2.04346
31 45 487.94 0 3 2.04268
32 45 721.22 0 3 2.04171
33 45 448.709 0 3 2.04097
34 45 377.959 0 3 2.04111
35 45 826.867 0 3 2.04069
36 45 408.219 0 3 2.04057
37 45 503.793 0 3 2.04053
38 45 655.182 0 3 2.04098
39 45 348.035 0 3 2.04082
3 45 53611 0 3 2.08403
40 45 714.717 0 3 2.04014
41 45 598.416 0 3 2.03957
42 45 594.905 0 3 2.04005
43 45 604.311 0 3 2.04077
44 45 475.242 0 3 2.04068
45 45 557.259 0 3 2.03907
46 45 459.5 0 3 2.03818
47 45 542.332 0 3 2.03854
48 45 498.135 0 3 2.03965
49 45 578.103 0 3 2.04012
4 45 19447.1 0 3 2.06235
50 45 427.726 0 3 2.0397
5 45 9634.55 0 3 2.04719
6 45 6863.32 0 3 2.03826
7 45 3514.04 0 3 2.03747
8 45 2986.14 0 3 2.03932
9 45 3025.06 0 3 2.04095
5 4 9634.55 0 3 2.04719
0 46 153.059 0 3 1.01996
10 46 1615.73 0 3 2.04143
11 46 3140.43 0 3 2.04245
12 46 2032.24 0 3 2.04291
13 46 1245.56 0 3 2.04313
14 46 1502.3 0 3 2.04403
15 46 1358.18 0 3 2.04344
16 46 1432.13 0 3 2.04293
17 46 1513.39 0 3 2.04365
18 46 1848.12 0 3 2.04548
19 46 1390.6 0 3 2.04473
1 46 682469 0 3 2.19764
20 46 1201.18 0 3 2.04213
21 46 1187.05 0 3 2.04087
22 46 1049.74 0 3 2.04192
23 46 1108.81 0 3 2.04439
24 46 905.28 0 3 2.04586
25 46 665.725 0 3 2.04355
26 46 471.768 0 3 2.04206
27 46 716.378 0 3 2.0421
28 46 634.656 0 3 2.04351
29 46 864.7 0 3 2.04391
2 46 130837 0 3 2.1004
30 46 737.482 0 3 2.04346
31 46 487.94 0 3 2.04268
32 46 721.22 0 3 2.04171
33 46 448.709 0 3 2.04097
34 46 377.959 0 3 2.04111
35 46 826.867 0 3 2.04069
36 46 408.219 0 3 2.04057
37 46 503.793 0 3 2.04053
38 46 655.182 0 3 2.04098
39 46 348.035 0 3 2.04082
3 46 53611 0 3 2.08403
40 46 714.717 0 3 2.04014
41 46 598.416 0 3 2.03957
42 46 594.905 0 3 2.04005
43 46 604.311 0 3 2.04077
44 46 475.242 0 3 2.04068
45 46 557.259 0 3 2.03907
46 46 459.5 0 3 2.03818
47 46 542.332 0 3 2.03854
48 46 498.135 0 3 2.03965
49 46 578.103 0 3 2.04012
4 46 19447.1 0 3 2.06235
50 46 427.726 0 3 2.0397
5 46 9634.55 0 3 2.04719
6 46 6863.32 0 3 2.03826
7 46 3514.04 0 3 2.03747
8 46 2986.14 0 3 2.03932
9 46 3025.06 0 3 2.04095
6 4 6863.32 0 3 2.03826
0 47 153.059 0 3 1.01996
10 47 1615.73 0 3 2.04143
11 47 3140.43 0 3 2.04245
12 47 2032.24 0 3 2.04291
13 47 1245.56 0 3 2.04313
14 47 1502.3 0 3 2.04403
15 47 1358.18 0 3 2.04344
16 47 1432.13 0 3 2.04293
17 47 1513.39 0 3 2.04365
18 47 1848.12 0 3 2.04548
19 47 1390.6 0 3 2.04473
1 47 682469 0 3 2.19764
20 47 1201.18 0 3 2.04213
21 47 1187.05 0 3 2.04087
22 47 1049.74 0 3 2.04192
23 47 1108.81 0 3 2.04439
24 47 905.28 0 3 2.04586
25 47 665.725 0 3 2.04355
26 47 471.768 0 3 2.04206
27 47 716.378 0 3 2.0421
28 47 634.656 0 3 2.04351
29 47 864.7 0 3 2.04391
2 47 130837 0 3 2.1004
30 47 737.482 0 3 2.04346
31 47 487.94 0 3 2.04268
32 47 721.22 0 3 2.04171
33 47 448.709 0 3 2.04097
34 47 377.959 0 3 2.04111
35 47 826.867 0 3 2.04069
36 47 408.219 0 3 2.04057
37 47 503.793 0 3 2.04053
38 47 655.182 0 3 2.04098
39 47 348.035 0 3 2.04082
3 47 53611 0 3 2.08403
40 47 714.717 0 3 2.04014
41 47 598.416 0 3 2.03957
42 47 594.905 0 3 2.04005
43 47 604.311 0 3 2.04077
44 47 475.242 0 3 2.04068
45 47 557.259 0 3 2.03907
46 47 459.5 0 3 2.03818
47 47 542.332 0 3 2.03854
48 47 498.135 0 3 2.03965
49 47 578.103 0 3 2.04012
4 47 19447.1 0 3 2.06235
50 47 427.726 0 3 2.0397
5 47 9634.55 0 3 2.04719
6 47 6863.32 0 3 2.03826
7 47 3514.04 0 3 2.03747
8 47 2986.14 0 3 2.03932
9 47 3025.06 0 3 2.04095
7 4 3514.04 0 3 2.03747
0 48 153.059 0 3 1.01996
10 48 1615.73 0 3 2.04143
11 48 3140.43 0 3 2.04245
12 48 2032.24 0 3 2.04291
13 48 1245.56 0 3 2.04313
14 48 1502.3 0 3 2.04403
15 48 1358.18 0 3 2.04344
16 48 1432.13 0 3 2.04293
17 48 1513.39 0 3 2.04365
18 48 1848.12 0 3 2.04548
19 48 1390.6 0 3 2.04473
1 48 682469 0 3 2.19764
20 48 1201.18 0 3 2.04213
21 48 1187.05 0 3 2.04087
22 48 1049.74 0 3 2.04192
23 48 1108.81 0 3 2.04439
24 48 905.28 0 3 2.04586
25 48 665.725 0 3 2.04355
26 48 471.768 0 3 2.04206
27 48 716.378 0 3 2.0421
28 48 634.656 0 3 2.04351
29 48 864.7 0 3 2.04391
2 48 130837 0 3 2.1004
30 48 737.482 0 3 2.04346
31 48 487.94 0 3 2.04268
32 48 721.22 0 3 2.04171
33 48 448.709 0 3 2.04097
34 48 377.959 0 3 2.04111
35 48 826.867 0 3 2.04069
36 48 408.219 0 3 2.04057
37 48 503.793 0 3 2.04053
38 48 655.182 0 3 2.04098
39 48 348.035 0 3 2.04082
3 48 53611 0 3 2.08403
40 48 714.717 0 3 2.04014
41 48 598.416 0 3 2.03957
42 48 594.905 0 3 2.04005
43 48 604.311 0 3 2.04077
44 48 475.242 0 3 2.04068
45 48 557.259 0 3 2.03907
46 48 459.5 0 3 2.03818
47 48 542.332 0 3 2.03854
48 48 498.135 0 3 2.03965
49 48 578.103 0 3 2.04012
4 48 19447.1 0 3 2.06235
50 48 427.726 0 3 2.0397
5 48 9634.55 0 3 2.04719
6 48 6863.32 0 3 2.03826
7 48 3514.04 0 3 2.03747
8 48 2986.14 0 3 2.03932
9 48 3025.06 0 3 2.04095
8 4 2986.14 0 3 2.03932
0 49 153.059 0 3 1.01996
10 49 1615.73 0 3 2.04143
11 49 3140.43 0 3 2.04245
12 49 2032.24 0 3 2.04291
13 49 1245.56 0 3 2.04313
14 49 1502.3 0 3 2.04403
15 49 1358.18 0 3 2.04344
16 49 1432.13 0 3 2.04293
17 49 1513.39 0 3 2.04365
18 49 1848.12 0 3 2.04548
19 49 1390.6 0 3 2.04473
1 49 682469 0 3 2.19764
20 49 1201.18 0 3 2.04213
21 49 1187.05 0 3 2.04087
22 49 1049.74 0 3 2.04192
23 49 1108.81 0 3 2.04439
24 49 905.28 0 3 2.04586
25 49 665.725 0 3 2.04355
26 49 471.768 0 3 2.04206
27 49 716.378 0 3 2.0421
28 49 634.656 0 3 2.04351
29 49 864.7 0 3 2.04391
2 49 130837 0 3 2.1004
30 49 737.482 0 3 2.04346
31 49 487.94 0 3 2.04268
32 49 721.22 0 3 2.04171
33 49 448.709 0 3 2.04097
34 49 377.959 0 3 2.04111
35 49 826.867 0 3 2.04069
36 49 408.219 0 3 2.04057
37 49 503.793 0 3 2.04053
38 49 655.182 0 3 2.04098
39 49 348.035 0 3 2.04082
3 49 53611 0 3 2.08403
40 49 714.717 0 3 2.04014
41 49 598.416 0 3 2.03957
42 49 594.905 0 3 2.04005
43 49 604.311 0 3 2.04077
44 49 475.242 0 3 2.04068
45 49 557.259 0 3 2.03907
46 49 459.5 0 3 2.03818
47 49 542.332 0 3 2.03854
48 49 498.135 0 3 2.03965
49 49 578.103 0 3 2.04012
4 49 19447.1 0 3 2.06235
50 49 427.726 0 3 2.0397
5 49 9634.55 0 3 2.04719
6 49 6863.32 0 3 2.03826
7 49 3514.04 0 3 2.03747
8 49 2986.14 0 3 2.03932
9 49 3025.06 0 3 2.04095
9 4 3025.06 0 3 2.04095
0 50 153.059 0 3 1.01996
10 50 1615.73 0 3 2.04143
11 50 3140.43 0 3 2.04245
12 50 2032.24 0 3 2.04291
13 50 1245.56 0 3 2.04313
14 50 1502.3 0 3 2.04403
15 50 1358.18 0 3 2.04344
16 50 1432.13 0 3 2.04293
17 50 1513.39 0 3 2.04365
18 50 1848.12 0 3 2.04548
19 50 1390.6 0 3 2.04473
1 50 682469 0 3 2.19764
20 50 1201.18 0 3 2.04213
21 50 1187.05 0 3 2.04087
22 50 1049.74 0 3 2.04192
23 50 1108.81 0 3 2.04439
24 50 905.28 0 3 2.04586
25 50 665.725 0 3 2.04355
26 50 471.768 0 3 2.04206
27 50 716.378 0 3 2.0421
28 50 634.656 0 3 2.04351
29 50 864.7 0 3 2.04391
2 50 130837 0 3 2.1004
30 50 737.482 0 3 2.04346
31 50 487.94 0 3 2.04268
32 50 721.22 0 3 2.04171
33 50 448.709 0 3 2.04097
34 50 377.959 0 3 2.04111
35 50 826.867 0 3 2.04069
36 50 408.219 0 3 2.04057
37 50 503.793 0 3 2.04053
38 50 655.182 0 3 2.04098
39 50 348.035 0 3 2.04082
3 50 53611 0 3 2.08403
40 50 714.717 0 3 2.04014
41 50 598.416 0 3 2.03957
42 50 594.905 0 3 2.04005
43 50 604.311 0 3 2.04077
44 50 475.242 0 3 2.04068
45 50 557.259 0 3 2.03907
46 50 459.5 0 3 2.03818
47 50 542.332 0 3 2.03854
48 50 498.135 0 3 2.03965
49 50 578.103 0 3 2.04012
4 50 19447.1 0 3 2.06235
50 50 427.726 0 3 2.0397
5 50 9634.55 0 3 2.04719
6 50 6863.32 0 3 2.03826
7 50 3514.04 0 3 2.03747
8 50 2986.14 0 3 2.03932
9 50 3025.06 0 3 2.04095
0 5 153.059 0 3 1.01996
10 5 1615.73 0 3 2.04143
11 5 3140.43 0 3 2.04245
12 5 2032.24 0 3 2.04291
13 5 1245.56 0 3 2.04313
14 5 1502.3 0 3 2.04403
15 5 1358.18 0 3 2.04344
16 5 1432.13 0 3 2.04293
17 5 1513.39 0 3 2.04365
18 5 1848.12 0 3 2.04548
19 5 1390.6 0 3 2.04473
1 5 682469 0 3 2.19764
20 5 1201.18 0 3 2.04213
21 5 1187.05 0 3 2.04087
22 5 1049.74 0 3 2.04192
23 5 1108.81 0 3 2.04439
24 5 905.28 0 3 2.04586
25 5 665.725 0 3 2.04355
26 5 471.768 0 3 2.04206
27 5 716.378 0 3 2.0421
28 5 634.656 0 3 2.04351
29 5 864.7 0 3 2.04391
2 5 130837 0 3 2.1004
30 5 737.482 0 3 2.04346
31 5 487.94 0 3 2.04268
32 5 721.22 0 3 2.04171
33 5 448.709 0 3 2.04097
34 5 377.959 0 3 2.04111
35 5 826.867 0 3 2.04069
36 5 408.219 0 3 2.04057
37 5 503.793 0 3 2.04053
38 5 655.182 0 3 2.04098
39 5 348.035 0 3 2.04082
3 5 53611 0 3 2.08403
40 5 714.717 0 3 2.04014
41 5 598.416 0 3 2.03957
42 5 594.905 0 3 2.04005
43 5 604.311 0 3 2.04077
44 5 475.242 0 3 2.04068
45 5 557.259 0 3 2.03907
46 5 459.5 0 3 2.03818
47 5 542.332 0 3 2.03854
48 5 498.135 0 3 2.03965
49 5 578.103 0 3 2.04012
4 5 19447.1 0 3 2.06235
50 5 427.726 0 3 2.0397
5 5 9634.55 0 3 2.04719
6 5 6863.32 0 3 2.03826
7 5 3514.04 0 3 2.03747
8 5 2986.14 0 3 2.03932
9 5 3025.06 0 3 2.04095
0 6 153.059 0 3 1.01996
10 6 1615.73 0 3 2.04143
11 6 3140.43 0 3 2.04245
12 6 2032.24 0 3 2.04291
13 6 1245.56 0 3 2.04313
14 6 1502.3 0 3 2.04403
15 6 1358.18 0 3 2.04344
16 6 1432.13 0 3 2.04293
17 6 1513.39 0 3 2.04365
18 6 1848.12 0 3 2.04548
19 6 1390.6 0 3 2.04473
1 6 682469 0 3 2.19764
20 6 1201.18 0 3 2.04213
21 6 1187.05 0 3 2.04087
22 6 1049.74 0 3 2.04192
23 6 1108.81 0 3 2.04439
24 6 905.28 0 3 2.04586
25 6 665.725 0 3 2.04355
26 6 471.768 0 3 2.04206
27 6 716.378 0 3 2.0421
28 6 634.656 0 3 2.04351
29 6 864.7 0 3 2.04391
2 6 130837 0 3 2.1004
30 6 737.482 0 3 2.04346
31 6 487.94 0 3 2.04268
32 6 721.22 0 3 2.04171
33 6 448.709 0 3 2.04097
34 6 377.959 0 3 2.04111
35 6 826.867 0 3 2.04069
36 6 408.219 0 3 2.04057
37 6 503.793 0 3 2.04053
38 6 655.182 0 3 2.04098
39 6 348.035 0 3 2.04082
3 6 53611 0 3 2.08403
40 6 714.717 0 3 2.04014
41 6 598.416 0 3 2.03957
42 6 594.905 0 3 2.04005
43 6 604.311 0 3 2.04077
44 6 475.242 0 3 2.04068
45 6 557.259 0 3 2.03907
46 6 459.5 0 3 2.03818
47 6 542.332 0 3 2.03854
48 6 498.135 0 3 2.03965
49 6 578.103 0 3 2.04012
4 6 19447.1 0 3 2.06235
50 6 427.726 0 3 2.0397
5 6 9634.55 0 3 2.04719
6 6 6863.32 0 3 2.03826
7 6 3514.04 0 3 2.03747
8 6 2986.14 0 3 2.03932
9 6 3025.06 0 3 2.04095
0 7 153.059 0 3 1.01996
10 7 1615.73 0 3 2.04143
11 7 3140.43 0 3 2.04245
12 7 2032.24 0 3 2.04291
13 7 1245.56 0 3 2.04313
14 7 1502.3 0 3 2.04403
15 7 1358.18 0 3 2.04344
16 7 1432.13 0 3 2.04293
17 7 1513.39 0 3 2.04365
18 7 1848.12 0 3 2.04548
19 7 1390.6 0 3 2.04473
1 7 682469 0 3 2.19764
20 7 1201.18 0 3 2.04213
21 7 1187.05 0 3 2.04087
22 7 1049.74 0 3 2.04192
23 7 1108.81 0 3 2.04439
24 7 905.28 0 3 2.04586
25 7 665.725 0 3 2.04355
26 7 471.768 0 3 2.04206
27 7 716.378 0 3 2.0421
28 7 634.656 0 3 2.04351
29 7 864.7 0 3 2.04391
2 7 130837 0 3 2.1004
30 7 737.482 0 3 2.04346
31 7 487.94 0 3 2.04268
32 7 721.22 0 3 2.04171
33 7 448.709 0 3 2.04097
34 7 377.959 0 3 2.04111
35 7 826.867 0 3 2.04069
36 7 408.219 0 3 2.04057
37 7 503.793 0 3 2.04053
38 7 655.182 0 3 2.04098
39 7 348.035 0 3 2.04082
3 7 53611 0 3 2.08403
40 7 714.717 0 3 2.04014
41 7 598.416 0 3 2.03957
42 7 594.905 0 3 2.04005
43 7 604.311 0 3 2.04077
44 7 475.242 0 3 2.04068
45 7 557.259 0 3 2.03907
46 7 459.5 0 3 2.03818
47 7 542.332 0 3 2.03854
48 7 498.135 0 3 2.03965
49 7 578.103 0 3 2.04012
4 7 19447.1 0 3 2.06235
50 7 427.726 0 3 2.0397
5 7 9634.55 0 3 2.04719
6 7 6863.32 0 3 2.03826
7 7 3514.04 0 3 2.03747
8 7 2986.14 0 3 2.03932
9 7 3025.06 0 3 2.04095
0 8 153.059 0 3 1.01996
10 8 1615.73 0 3 2.04143
11 8 3140.43 0 3 2.04245
12 8 2032.24 0 3 2.04291
13 8 1245.56 0 3 2.04313
14 8 1502.3 0 3 2.04403
15 8 1358.18 0 3 2.04344
16 8 1432.13 0 3 2.04293
17 8 1513.39 0 3 2.04365
18 8 1848.12 0 3 2.04548
19 8 1390.6 0 3 2.04473
1 8 682469 0 3 2.19764
20 8 1201.18 0 3 2.04213
21 8 1187.05 0 3 2.04087
22 8 1049.74 0 3 2.04192
23 8 1108.81 0 3 2.04439
24 8 905.28 0 3 2.04586
25 8 665.725 0 3 2.04355
26 8 471.768 0 3 2.04206
27 8 716.378 0 3 2.0421
28 8 634.656 0 3 2.04351
29 8 864.7 0 3 2.04391
2 8 130837 0 3 2.1004
30 8 737.482 0 3 2.04346
31 8 487.94 0 3 2.04268
32 8 721.22 0 3 2.04171
33 8 448.709 0 3 2.04097
34 8 377.959 0 3 2.04111
35 8 826.867 0 3 2.04069
36 8 408.219 0 3 2.04057
37 8 503.793 0 3 2.04053
38 8 655.182 0 3 2.04098
39 8 348.035 0 3 2.04082
3 8 53611 0 3 2.08403
40 8 714.717 0 3 2.04014
41 8 598.416 0 3 2.03957
42 8 594.905 0 3 2.04005
43 8 604.311 0 3 2.04077
44 8 475.242 0 3 2.04068
45 8 557.259 0 3 2.03907
46 8 459.5 0 3 2.03818
47 8 542.332 0 3 2.03854
48 8 498.135 0 3 2.03965
49 8 578.103 0 3 2.04012
4 8 19447.1 0 3 2.06235
50 8 427.726 0 3 2.0397
5 8 9634.55 0 3 2.04719
6 8 6863.32 0 3 2.03826
7 8 3514.04 0 3 2.03747
8 8 2986.14 0 3 2.03932
9 8 3025.06 0 3 2.04095
0 9 153.059 0 3 1.01996
10 9 1615.73 0 3 2.04143
11 9 3140.43 0 3 2.04245
12 9 2032.24 0 3 2.04291
13 9 1245.56 0 3 2.04313
14 9 1502.3 0 3 2.04403
15 9 1358.18 0 3 2.04344
16 9 1432.13 0 3 2.04293
17 9 1513.39 0 3 2.04365
18 9 1848.12 0 3 2.04548
19 9 1390.6 0 3 2.04473
1 9 682469 0 3 2.19764
20 9 1201.18 0 3 2.04213
21 9 1187.05 0 3 2.04087
22 9 1049.74 0 3 2.04192
23 9 1108.81 0 3 2.04439
24 9 905.28 0 3 2.04586
25 9 665.725 0 3 2.04355
26 9 471.768 0 3 2.04206
27 9 716.378 0 3 2.0421
28 9 634.656 0 3 2.04351
29 9 864.7 0 3 2.04391
2 9 130837 0 3 2.1004
30 9 737.482 0 3 2.04346
31 9 487.94 0 3 2.04268
32 9 721.22 0 3 2.04171
33 9 448.709 0 3 2.04097
34 9 377.959 0 3 2.04111
35 9 826.867 0 3 2.04069
36 9 408.219 0 3 2.04057
37 9 503.793 0 3 2.04053
38 9 655.182 0 3 2.04098
39 9 348.035 0 3 2.04082
3 9 53611 0 3 2.08403
40 9 714.717 0 3 2.04014
41 9 598.416 0 3 2.03957
42 9 594.905 0 3 2.04005
43 9 604.311 0 3 2.04077
44 9 475.242 0 3 2.04068
45 9 557.259 0 3 2.03907
46 9 459.5 0 3 2.03818
47 9 542.332 0 3 2.03854
48 9 498.135 0 3 2.03965
49 9 578.103 0 3 2.04012
4 9 19447.1 0 3 2.06235
50 9 427.726 0 3 2.0397
5 9 9634.55 0 3 2.04719
6 9 6863.32 0 3 2.03826
7 9 3514.04 0 3 2.03747
8 9 2986.14 0 3 2.03932
9 9 3025.06 0 3 2.04095
