0 0 6.12295
0 1 44686.7
0 10 0.00251355
0 100 187.983
0 11 0.711665
0 12 12966.5
0 13 43.5152
0 14 237.592
0 15 1122.85
0 16 0.992615
0 17 5.7236
0 18 10527.1
0 19 0.00487627
0 2 16946.5
0 20 13.0324
0 21 0.00279363
0 22 1426.05
0 23 7624.66
0 24 109918
0 25 67770.9
0 26 25210.1
0 27 339.416
0 28 8973.61
0 29 0.00250118
0 3 58.9677
0 30 17947.6
0 31 6555.29
0 32 13227.4
0 33 65615
0 34 0.0389002
0 35 654.408
0 36 2586.32
0 37 190598
0 38 886.331
0 39 8227
0 4 0.0147533
0 40 2630.86
0 41 59291.9
0 42 0.715503
0 43 2.57989
0 44 52.6037
0 45 0.00347733
0 46 167.156
0 47 6641.81
0 48 825.145
0 49 0.00250001
0 5 18486.5
0 50 0.0264561
0 51 19171.9
0 52 2354.69
0 53 332.158
0 54 3354.77
0 55 1.49043
0 56 376957
0 57 11355
0 58 14355.3
0 59 207678
0 6 14078.3
0 60 102324
0 61 161560
0 62 348185
0 63 4.46396e+06
0 64 2.88465
0 65 160609
0 66 800.006
0 67 9089.53
0 68 333.573
0 69 2362.05
0 7 29954.7
0 70 5220.55
0 71 1473.85
0 72 521.749
0 73 218.66
0 74 115.824
0 75 85.1293
0 76 82.4101
0 77 90.4978
0 78 102.217
0 79 114.476
0 8 1.18574
0 80 125.967
0 81 136.199
0 82 145.057
0 83 152.596
0 84 158.944
0 85 164.249
0 86 168.661
0 87 172.316
0 88 175.336
0 89 177.827
0 9 6.99388
0 90 179.877
0 91 181.564
0 92 182.95
0 93 184.088
0 94 185.022
0 95 185.788
0 96 186.416
0 97 186.931
0 98 187.353
0 99 187.699
100 0 189.36
100 1 189.1
100 10 188.867
100 100 189.262
100 11 189.623
100 12 189.694
100 13 189.681
100 14 189.411
100 15 189.472
100 16 189.085
100 17 189.055
100 18 189.226
100 19 188.957
100 2 189.565
100 20 189.231
100 21 189.422
100 22 189.414
100 23 189.872
100 24 189.51
100 25 189.528
100 26 189.104
100 27 189.796
100 28 189.409
100 29 189.15
100 3 189.583
100 30 189.314
100 31 189.566
100 32 189.302
100 33 189.369
100 34 189.148
100 35 189.251
100 36 189.225
100 37 189.313
100 38 189.069
100 39 188.877
100 4 189.127
100 40 189.39
100 41 190.074
100 42 190.161
100 43 189.658
100 44 189.063
100 45 188.746
100 46 188.758
100 47 188.957
100 48 189.186
100 49 189.352
100 5 189.848
100 50 189.429
100 51 189.434
100 52 189.395
100 53 189.338
100 54 189.281
100 55 189.234
100 56 189.201
100 57 189.18
100 58 189.169
100 59 189.167
100 6 189.343
100 60 189.17
100 61 189.176
100 62 189.184
100 63 189.193
100 64 189.202
100 65 189.21
100 66 189.218
100 67 189.225
100 68 189.231
100 69 189.236
100 7 188.961
100 70 189.24
100 71 189.244
100 72 189.247
100 73 189.249
100 74 189.252
100 75 189.253
100 76 189.255
100 77 189.256
100 78 189.257
100 79 189.258
100 8 188.588
100 80 189.259
100 81 189.259
100 82 189.26
100 83 189.26
100 84 189.26
100 85 189.261
100 86 189.261
100 87 189.261
100 88 189.261
100 89 189.261
100 9 188.792
100 90 189.261
100 91 189.261
100 92 189.261
100 93 189.262
100 94 189.262
100 95 189.262
100 96 189.262
100 97 189.262
100 98 189.262
100 99 189.262
10 0 282870
10 1 631856
10 10 4.62575e+07
10 100 188.79
10 11 7052.5
10 12 28351.8
10 13 39888.4
10 14 9124.88
10 15 6553.43
10 16 34684
10 17 0.000341893
10 18 0.000342311
10 19 113831
10 2 23229.2
10 20 160478
10 21 0.00033989
10 22 20574.5
10 23 3648.96
10 24 4.71713
10 25 0.000405395
10 26 40564.9
10 27 0.00034883
10 28 1.60904e+06
10 29 365.819
10 3 205391
10 30 1004.82
10 31 15258.6
10 32 505.655
10 33 542.812
10 34 14061.2
10 35 122161
10 36 0.00033858
10 37 1641.76
10 38 0.000444455
10 39 42572.9
10 4 27922
10 40 134648
10 41 15320.3
10 42 300.066
10 43 239535
10 44 2309.07
10 45 4601.83
10 46 11544.5
10 47 5.05363
10 48 377.65
10 49 242.995
10 5 23054
10 50 4.41092
10 51 2368.74
10 52 0.00102239
10 53 21764.3
10 54 17737.6
10 55 108123
10 56 0.240978
10 57 77230.6
10 58 350.058
10 59 15034.7
10 6 21188.9
10 60 45894
10 61 27542.9
10 62 56.7107
10 63 66954.4
10 64 10171.5
10 65 2805.23
10 66 991.966
10 67 405.249
10 68 190.951
10 69 111.964
10 7 13353.8
10 70 87.3932
10 71 85.6734
10 72 93.3564
10 73 104.405
10 74 116.056
10 75 127.077
10 76 136.965
10 77 145.58
10 78 152.951
10 79 159.183
10 8 53236.8
10 80 164.41
10 81 168.768
10 82 172.388
10 83 175.384
10 84 177.858
10 85 179.898
10 86 181.577
10 87 182.958
10 88 184.093
10 89 185.025
10 9 0.00127053
10 90 185.789
10 91 186.416
10 92 186.931
10 93 187.352
10 94 187.698
10 95 187.981
10 96 188.213
10 97 188.403
10 98 188.558
10 99 188.686
11 0 168620
11 1 721.162
11 10 199940
11 100 188.835
11 11 4.54824e+07
11 12 175695
11 13 580826
11 14 42025.5
11 15 0.19707
11 16 24734.3
11 17 205925
11 18 145127
11 19 71410.1
11 2 1050.85
11 20 157409
11 21 367894
11 22 5337.06
11 23 8.61909
11 24 2.11405e+06
11 25 113487
11 26 9.75429
11 27 16.126
11 28 199632
11 29 76077.9
11 3 48418.2
11 30 4600.2
11 31 36808.8
11 32 62906.2
11 33 53107
11 34 1.79586
11 35 192585
11 36 0.00045264
11 37 198309
11 38 0.00122703
11 39 916.095
11 4 144199
11 40 197420
11 41 16321.3
11 42 50.0339
11 43 5074.79
11 44 3493.04
11 45 328.528
11 46 80390.8
11 47 54036.7
11 48 2.47924e+07
11 49 4.35369
11 5 256013
11 50 82683.8
11 51 9811.65
11 52 3622.12
11 53 253.691
11 54 21831.8
11 55 475452
11 56 30637.9
11 57 88685.8
11 58 0.813651
11 59 789.399
11 6 404906
11 60 56.071
11 61 97104.5
11 62 0.000282941
11 63 18637.3
11 64 4532.26
11 65 1512.66
11 66 594.18
11 67 264.685
11 68 139.865
11 69 95.6489
11 7 21.5048
11 70 85.3089
11 71 89.3525
11 72 99.1025
11 73 110.566
11 74 121.908
11 75 132.33
11 76 141.538
11 77 149.488
11 78 156.25
11 79 161.947
11 8 20.5841
11 80 166.712
11 81 170.678
11 82 173.967
11 83 176.687
11 84 178.932
11 85 180.781
11 86 182.303
11 87 183.555
11 88 184.582
11 89 185.426
11 9 3.38103e+06
11 90 186.119
11 91 186.686
11 92 187.152
11 93 187.534
11 94 187.846
11 95 188.103
11 96 188.312
11 97 188.484
11 98 188.625
11 99 188.741
12 0 41.3317
12 1 65261.2
12 10 0.000704673
12 100 188.876
12 11 2728.99
12 12 0.00251991
12 13 43.1966
12 14 57336.8
12 15 11012.9
12 16 84083.5
12 17 447303
12 18 236143
12 19 345597
12 2 129350
12 20 20905.4
12 21 12498.9
12 22 132119
12 23 242466
12 24 47205.1
12 25 8514.96
12 26 570.842
12 27 131647
12 28 729.183
12 29 2768.37
12 3 518138
12 30 10636.8
12 31 1174.65
12 32 44195.1
12 33 0.00205308
12 34 48653.5
12 35 8777.02
12 36 293.549
12 37 125437
12 38 158546
12 39 868.023
12 4 11.7035
12 40 2931.88
12 41 19.1132
12 42 364471
12 43 60.7689
12 44 1317.6
12 45 5625.61
12 46 4.95359
12 47 576.239
12 48 13976.4
12 49 217261
12 5 22342.7
12 50 321744
12 51 5348.65
12 52 850.888
12 53 2231.62
12 54 1.74799
12 55 72970.4
12 56 0.593799
12 57 89829.7
12 58 5.83089
12 59 17519.5
12 6 755992
12 60 1.30253
12 61 21.1463
12 62 34881.9
12 63 0.000267715
12 64 2302.04
12 65 873.303
12 66 374.313
12 67 183.535
12 68 111.189
12 69 88.3329
12 7 1971.53
12 70 86.8501
12 71 94.3623
12 72 105.169
12 73 116.608
12 74 127.464
12 75 137.233
12 76 145.763
12 77 153.076
12 78 159.268
12 79 164.467
12 8 228488
12 80 168.807
12 81 172.413
12 82 175.401
12 83 177.869
12 84 179.905
12 85 181.582
12 86 182.962
12 87 184.095
12 88 185.026
12 89 185.79
12 9 142378
12 90 186.417
12 91 186.931
12 92 187.352
12 93 187.698
12 94 187.981
12 95 188.213
12 96 188.403
12 97 188.558
12 98 188.686
12 99 188.79
13 0 67125.2
13 1 0.000269631
13 10 3200.01
13 100 188.912
13 11 60.0779
13 12 482844
13 13 0.000195012
13 14 5724.58
13 15 219.498
13 16 13366.3
13 17 6931.85
13 18 0.00726666
13 19 1.15635e+06
13 2 148700
13 20 0.000187517
13 21 2.07907e+06
13 22 0.804537
13 23 27402.4
13 24 0.000191176
13 25 0.00482712
13 26 265174
13 27 53645
13 28 26776.7
13 29 853.886
13 3 800.849
13 30 5834.05
13 31 0.000954863
13 32 153768
13 33 70027.2
13 34 80077.8
13 35 110862
13 36 2.12257e+07
13 37 0.00205449
13 38 493479
13 39 149485
13 4 10.9906
13 40 4887.12
13 41 84437.4
13 42 31651.1
13 43 269654
13 44 2873.37
13 45 98794.8
13 46 2.19158e+06
13 47 1.05486e+06
13 48 12833.7
13 49 52250.8
13 5 17281.5
13 50 1235.42
13 51 6790.66
13 52 24534.8
13 53 6188.07
13 54 10480.6
13 55 18717.4
13 56 85887.3
13 57 2.40132
13 58 12.9103
13 59 0.365955
13 6 169541
13 60 2.94742e+07
13 61 74389.8
13 62 0.000185872
13 63 3466.35
13 64 1275.74
13 65 532.702
13 66 248.693
13 67 136.781
13 68 96.1619
13 69 86.5982
13 7 767.289
13 70 90.5856
13 71 100.08
13 72 111.286
13 73 122.42
13 74 132.686
13 75 141.783
13 76 149.655
13 77 156.364
13 78 162.023
13 79 166.763
13 8 20447.6
13 80 170.712
13 81 173.99
13 82 176.703
13 83 178.942
13 84 180.788
13 85 182.308
13 86 183.558
13 87 184.585
13 88 185.428
13 89 186.119
13 9 457409
13 90 186.687
13 91 187.152
13 92 187.534
13 93 187.846
13 94 188.103
13 95 188.312
13 96 188.484
13 97 188.625
13 98 188.741
13 99 188.835
14 0 101.903
14 1 2888.74
14 10 314020
14 100 188.946
14 11 103753
14 12 18480.8
14 13 4.49595
14 14 130233
14 15 62216.9
14 16 31127.7
14 17 77703.5
14 18 166563
14 19 124362
14 2 46824.9
14 20 167310
14 21 104.699
14 22 3.91432e+06
14 23 319745
14 24 39469.7
14 25 36064
14 26 91078.7
14 27 5651.64
14 28 43.7789
14 29 157790
14 3 36589.7
14 30 37255.7
14 31 14457.2
14 32 114104
14 33 0.00744437
14 34 35.4404
14 35 2853.75
14 36 8.24353
14 37 130369
14 38 0.0431699
14 39 47.0226
14 4 920.735
14 40 22324
14 41 13564.7
14 42 646837
14 43 800.648
14 44 64.1115
14 45 85580.7
14 46 25815.7
14 47 225953
14 48 14923.1
14 49 118103
14 5 32443.4
14 50 451619
14 51 31277.9
14 52 48.8576
14 53 7.50142
14 54 82315.4
14 55 191553
14 56 26921.1
14 57 3.44627
14 58 3388.59
14 59 0.0045019
14 6 129982
14 60 109374
14 61 17951.5
14 62 5090.85
14 63 1834.45
14 64 754.178
14 65 342.127
14 66 175.85
14 67 110.598
14 68 89.5725
14 69 88.3081
14 7 84452.5
14 70 95.5932
14 71 106.102
14 72 117.28
14 73 127.935
14 74 137.559
14 75 145.987
14 76 153.228
14 77 159.371
14 78 164.537
14 79 168.854
14 8 33662.4
14 80 172.445
14 81 175.422
14 82 177.884
14 83 179.915
14 84 181.589
14 85 182.966
14 86 184.098
14 87 185.028
14 88 185.791
14 89 186.418
14 9 154464
14 90 186.931
14 91 187.353
14 92 187.698
14 93 187.981
14 94 188.213
14 95 188.403
14 96 188.558
14 97 188.686
14 98 188.79
14 99 188.876
15 0 2.32129
15 1 294326
15 10 1.79764
15 100 188.976
15 11 0.685534
15 12 1.78405e+06
15 13 10533.9
15 14 81523.7
15 15 4.58016e+06
15 16 27093.3
15 17 347.961
15 18 14859.4
15 19 625761
15 2 840404
15 20 460240
15 21 110963
15 22 97425.2
15 23 129.432
15 24 98.9089
15 25 72339.2
15 26 233122
15 27 7759.86
15 28 37590.9
15 29 307366
15 3 232704
15 30 6.06889
15 31 4070.17
15 32 51114.7
15 33 52983
15 34 5232.12
15 35 14738
15 36 3.72618e+07
15 37 218727
15 38 690.683
15 39 1.17581e+06
15 4 8816.68
15 40 25948.2
15 41 393746
15 42 16234.9
15 43 0.0609917
15 44 17126.7
15 45 2561.51
15 46 0.933375
15 47 2153.81
15 48 461055
15 49 17.3367
15 5 55200.4
15 50 1.83573e+06
15 51 694230
15 52 2.00627
15 53 46817.4
15 54 19416.2
15 55 109910
15 56 121900
15 57 5641.38
15 58 954261
15 59 0.000909043
15 6 565603
15 60 361.133
15 61 7122.75
15 62 2562.71
15 63 1050.54
15 64 470.824
15 65 232.306
15 66 133.827
15 67 97.0022
15 68 88.2258
15 69 92.1014
15 7 8.04772e+06
15 70 101.274
15 71 112.163
15 72 123.042
15 73 133.119
15 74 142.08
15 75 149.858
15 76 156.502
15 77 162.117
15 78 166.826
15 79 170.755
15 8 129454
15 80 174.019
15 81 176.722
15 82 178.955
15 83 180.797
15 84 182.314
15 85 183.562
15 86 184.587
15 87 185.429
15 88 186.121
15 89 186.688
15 9 305426
15 90 187.153
15 91 187.534
15 92 187.847
15 93 188.103
15 94 188.312
15 95 188.484
15 96 188.625
15 97 188.74
15 98 188.835
15 99 188.912
16 0 458057
16 1 684240
16 10 313937
16 100 189.003
16 11 760571
16 12 0.000426
16 13 7.45349
16 14 65918.4
16 15 4898.4
16 16 134553
16 17 81056
16 18 296337
16 19 22424.5
16 2 276565
16 20 235.289
16 21 0.000172896
16 22 889541
16 23 5.35225e+06
16 24 650719
16 25 20271.3
16 26 8.11578
16 27 102283
16 28 1122
16 29 115151
16 3 484020
16 30 35186.9
16 31 27501.6
16 32 94533.6
16 33 2.81759e+06
16 34 545401
16 35 278406
16 36 197.436
16 37 7680.34
16 38 2.36086
16 39 89840.5
16 4 1.35372e+06
16 40 461.143
16 41 507483
16 42 10563.6
16 43 0.000102924
16 44 2.91187e+06
16 45 2.85702e+06
16 46 5908.33
16 47 91883.1
16 48 103.243
16 49 131530
16 5 0.000157168
16 50 2.63602e+06
16 51 4.57049e+06
16 52 4740.97
16 53 1505.53
16 54 421.348
16 55 115993
16 56 462387
16 57 14347.9
16 58 93232.7
16 59 61178.7
16 6 548.75
16 60 4367.83
16 61 3413.98
16 62 1422.02
16 63 639.734
16 64 309.985
16 65 168.29
16 66 110.363
16 67 91.2128
16 68 90.1171
16 69 97.0993
16 7 264.559
16 70 107.238
16 71 118.098
16 72 128.509
16 73 137.955
16 74 146.258
16 75 153.413
16 76 159.496
16 77 164.621
16 78 168.911
16 79 172.483
16 8 261280
16 80 175.448
16 81 177.901
16 82 179.927
16 83 181.596
16 84 182.971
16 85 184.101
16 86 185.03
16 87 185.793
16 88 186.419
16 89 186.932
16 9 9.43094e+06
16 90 187.353
16 91 187.698
16 92 187.981
16 93 188.213
16 94 188.403
16 95 188.558
16 96 188.686
16 97 188.79
16 98 188.876
16 99 188.946
17 0 19.3752
17 1 3.19322
17 10 119543
17 100 189.027
17 11 9.45159e-05
17 12 3483.81
17 13 189163
17 14 1.89222e+06
17 15 1062.6
17 16 233494
17 17 14188.6
17 18 146657
17 19 13.6381
17 2 195905
17 20 87861.8
17 21 99588.9
17 22 0.000346215
17 23 144082
17 24 6215.71
17 25 7101.07
17 26 193483
17 27 21958
17 28 49841.5
17 29 63.094
17 3 55741.8
17 30 185.704
17 31 9.0449e-05
17 32 88500.7
17 33 0.214324
17 34 6403.61
17 35 56028.7
17 36 231635
17 37 153879
17 38 114088
17 39 0.337082
17 4 325072
17 40 1515.02
17 41 15.3864
17 42 121487
17 43 16275.1
17 44 25465.4
17 45 277878
17 46 10954.7
17 47 61609.2
17 48 71970
17 49 45752.1
17 5 65514.9
17 50 8.39603e+06
17 51 0.000118678
17 52 90.1661
17 53 114132
17 54 101795
17 55 119227
17 56 545405
17 57 3270.68
17 58 12491.5
17 59 63029.1
17 6 42882.1
17 60 4231.25
17 61 1842.37
17 62 847.507
17 63 411.421
17 64 216.35
17 65 131.298
17 66 98.3182
17 67 90.2854
17 68 93.9653
17 69 102.73
17 7 466.49
17 70 113.231
17 71 123.799
17 72 133.646
17 73 142.443
17 74 150.105
17 75 156.67
17 76 162.231
17 77 166.903
17 78 170.807
17 79 174.054
17 8 8133.28
17 80 176.745
17 81 178.971
17 82 180.808
17 83 182.321
17 84 183.566
17 85 184.59
17 86 185.431
17 87 186.122
17 88 186.689
17 89 187.153
17 9 972.55
17 90 187.534
17 91 187.847
17 92 188.103
17 93 188.313
17 94 188.484
17 95 188.625
17 96 188.74
17 97 188.835
17 98 188.912
17 99 188.976
18 0 124428
18 1 0.000150183
18 10 8.37783e-05
18 100 189.05
18 11 124988
18 12 160231
18 13 93337.2
18 14 0.0432076
18 15 3862.79
18 16 92910.2
18 17 35142.9
18 18 8.43372e-05
18 19 0.178734
18 2 19539.5
18 20 2299.51
18 21 406443
18 22 206571
18 23 0.000109354
18 24 320.726
18 25 28640.4
18 26 0.000114504
18 27 46.8412
18 28 938.625
18 29 1746.37
18 3 1688.99
18 30 117040
18 31 42429.5
18 32 795.857
18 33 2270.63
18 34 520.876
18 35 49489.7
18 36 128574
18 37 20660.9
18 38 0.0375254
18 39 86027.3
18 4 37393.9
18 40 147927
18 41 72944.2
18 42 625.98
18 43 40333.3
18 44 59815.5
18 45 432786
18 46 44644
18 47 0.000111116
18 48 31141.5
18 49 228252
18 5 71779.2
18 50 29834.6
18 51 204506
18 52 6.84763e-05
18 53 52258.6
18 54 41288.7
18 55 0.000155206
18 56 30516.3
18 57 19417.5
18 58 9985.47
18 59 4750.24
18 6 219957
18 60 2244.82
18 61 1080.51
18 62 535.765
18 63 279.611
18 64 161.419
18 65 110.72
18 66 93.3858
18 67 92.3639
18 68 98.9416
18 69 108.62
18 7 23451.6
18 70 119.092
18 71 129.207
18 72 138.438
18 73 146.589
18 74 153.638
18 75 159.649
18 76 164.725
18 77 168.98
18 78 172.53
18 79 175.479
18 8 98826.7
18 80 177.922
18 81 179.941
18 82 181.606
18 83 182.977
18 84 184.106
18 85 185.033
18 86 185.795
18 87 186.42
18 88 186.933
18 89 187.354
18 9 47.3013
18 90 187.699
18 91 187.981
18 92 188.213
18 93 188.403
18 94 188.558
18 95 188.686
18 96 188.79
18 97 188.876
18 98 188.946
18 99 189.003
19 0 63985.6
19 1 138025
19 10 170050
19 100 189.07
19 11 80476.9
19 12 101290
19 13 62502.3
19 14 309.802
19 15 110420
19 16 29094.7
19 17 52918.7
19 18 679502
19 19 55367.6
19 2 66582.3
19 20 0.528461
19 21 92714.1
19 22 7749.74
19 23 109694
19 24 80070.8
19 25 75065.4
19 26 261.528
19 27 66539.1
19 28 5.63006e-05
19 29 45426.8
19 3 2248.92
19 30 74546.1
19 31 30486.3
19 32 154487
19 33 189369
19 34 85146.6
19 35 31990.9
19 36 87112.6
19 37 56813.4
19 38 33746.1
19 39 195.431
19 4 106197
19 40 5.59622e-05
19 41 5.61157e-05
19 42 37134.2
19 43 24699.2
19 44 123891
19 45 58742.9
19 46 30669.6
19 47 20426.5
19 48 1.19631
19 49 24646.9
19 5 61103.6
19 50 30122.7
19 51 34744.9
19 52 34868.5
19 53 8332.44
19 54 0.0133413
19 55 16997
19 56 12661.3
19 57 8304.31
19 58 4762.12
19 59 2531.91
19 6 128919
19 60 1308.79
19 61 676.252
19 62 357.876
19 63 201.927
19 64 129.61
19 65 100.308
19 66 92.8958
19 67 96.2577
19 68 104.505
19 69 114.529
19 7 109438
19 70 124.719
19 71 134.286
19 72 142.884
19 73 150.407
19 74 156.875
19 75 162.369
19 76 166.997
19 77 170.87
19 78 174.096
19 79 176.774
19 8 118472
19 80 178.99
19 81 180.82
19 82 182.33
19 83 183.572
19 84 184.594
19 85 185.434
19 86 186.124
19 87 186.69
19 88 187.154
19 89 187.535
19 9 74777.5
19 90 187.847
19 91 188.103
19 92 188.313
19 93 188.484
19 94 188.625
19 95 188.741
19 96 188.835
19 97 188.912
19 98 188.976
19 99 189.027
1 0 18357.7
1 1 6372.46
1 10 1709.4
1 100 188.104
1 11 413.641
1 12 5573.86
1 13 0.0746122
1 14 14890.7
1 15 168.026
1 16 14097.8
1 17 1028.35
1 18 189661
1 19 6340.14
1 2 5.40873e+06
1 20 747.784
1 21 745698
1 22 47638.6
1 23 2200.94
1 24 6104.18
1 25 15461.1
1 26 1567.79
1 27 1315.76
1 28 39849.1
1 29 9.12601
1 3 1.06811e+07
1 30 534.745
1 31 3591.77
1 32 10505.4
1 33 282890
1 34 63039.7
1 35 5542.39
1 36 433668
1 37 5223.82
1 38 0.00222268
1 39 1088.78
1 4 0.544559
1 40 0.00204771
1 41 2.97922
1 42 0.43046
1 43 19961.7
1 44 19745.1
1 45 26008.1
1 46 5900.45
1 47 79200.2
1 48 0.389888
1 49 2536.28
1 5 102.398
1 50 8205.6
1 51 4893.3
1 52 13215.9
1 53 117299
1 54 251079
1 55 105114
1 56 5285.34
1 57 29361.1
1 58 9571.52
1 59 61653.4
1 6 143.551
1 60 0.00204976
1 61 3.21296e+06
1 62 0.00318321
1 63 81.117
1 64 0.0957672
1 65 2934.71
1 66 6708.84
1 67 0.00204684
1 68 45973.8
1 69 10860.5
1 7 273232
1 70 2587.26
1 71 840.836
1 72 325.987
1 73 152.521
1 74 95.1738
1 75 81.8719
1 76 85.8794
1 77 96.3103
1 78 108.502
1 79 120.442
1 8 2.65449
1 80 131.31
1 81 140.838
1 82 149.011
1 83 155.928
1 84 161.729
1 85 166.565
1 86 170.58
1 87 173.901
1 88 176.644
1 89 178.903
1 9 49.1827
1 90 180.763
1 91 182.292
1 92 183.547
1 93 184.578
1 94 185.424
1 95 186.118
1 96 186.686
1 97 187.152
1 98 187.534
1 99 187.847
20 0 45732.5
20 1 9577.78
20 10 81040.6
20 100 189.088
20 11 57993.8
20 12 108529
20 13 47310.5
20 14 35272.2
20 15 72487.7
20 16 40354.4
20 17 36687
20 18 45918.8
20 19 39858.7
20 2 49584.4
20 20 497.024
20 21 0.000118004
20 22 12545.6
20 23 75464.8
20 24 56314.2
20 25 42758.1
20 26 0.122344
20 27 0.13871
20 28 18837.5
20 29 34315.3
20 3 109590
20 30 52152.8
20 31 1496.1
20 32 53175.9
20 33 39854.7
20 34 4.94893e-05
20 35 24624.9
20 36 64005.1
20 37 44002.7
20 38 25989.2
20 39 71457.2
20 4 72318.3
20 40 54621.2
20 41 149446
20 42 33585.3
20 43 18326.7
20 44 3.74951
20 45 36436.1
20 46 21625.2
20 47 14340.1
20 48 13691.5
20 49 15738.3
20 5 42391.2
20 50 19103.3
20 51 1053.59
20 52 21733.5
20 53 63347.8
20 54 0.000359284
20 55 9586.34
20 56 6680.46
20 57 4377.57
20 58 2637.14
20 59 1493
20 6 7.61162e-05
20 60 819.139
20 61 448.033
20 62 253.087
20 63 155.988
20 64 111.989
20 65 96.2615
20 66 95.1559
20 67 101.194
20 68 110.302
20 69 120.299
20 7 76761.6
20 70 130.054
20 71 139.024
20 72 146.991
20 73 153.912
20 74 159.835
20 75 164.85
20 76 169.065
20 77 172.588
20 78 175.518
20 79 177.948
20 8 81469
20 80 179.958
20 81 181.618
20 82 182.985
20 83 184.111
20 84 185.037
20 85 185.797
20 86 186.422
20 87 186.934
20 88 187.354
20 89 187.699
20 9 171963
20 90 187.982
20 91 188.213
20 92 188.403
20 93 188.558
20 94 188.686
20 95 188.79
20 96 188.876
20 97 188.946
20 98 189.003
20 99 189.05
21 0 35740.4
21 1 142564
21 10 61705
21 100 189.105
21 11 148.951
21 12 35758.3
21 13 38328.3
21 14 0.136552
21 15 21.5528
21 16 2154.16
21 17 7243.24
21 18 132168
21 19 31322.2
21 2 39950.7
21 20 30846.9
21 21 141174
21 22 0.519689
21 23 56698.5
21 24 4232.62
21 25 33736.4
21 26 22.3072
21 27 3289.65
21 28 28301.7
21 29 0.000373238
21 3 9.24195e-05
21 30 0.0378671
21 31 0.000126946
21 32 0.000439414
21 33 31553.7
21 34 6.73219e-05
21 35 20732.7
21 36 48391.2
21 37 63668.2
21 38 21772.4
21 39 33986.7
21 4 8.24244e-05
21 40 3.75521e-05
21 41 3.75223e-05
21 42 22060.5
21 43 7.98288e-05
21 44 3.75191e-05
21 45 0.353163
21 46 15562.2
21 47 10217.5
21 48 9264.99
21 49 10426.1
21 5 27451.8
21 50 12666.3
21 51 14479.9
21 52 14281.9
21 53 0.207006
21 54 14632.4
21 55 5973.24
21 56 4014.02
21 57 2611.15
21 58 1610.73
21 59 947.937
21 6 63001.7
21 60 543.902
21 61 313.725
21 62 190.386
21 63 129.301
21 64 103.229
21 65 96.2053
21 66 99.0757
21 67 106.667
21 68 116.104
21 69 125.836
21 7 57953.5
21 70 135.064
21 71 143.42
21 72 150.773
21 73 157.124
21 74 162.538
21 75 167.111
21 76 170.947
21 77 174.148
21 78 176.809
21 79 179.014
21 80 180.836
21 81 182.34
21 82 183.579
21 83 184.599
21 84 185.437
21 85 186.126
21 86 186.691
21 87 187.155
21 88 187.536
21 89 187.848
21 9 37.1081
21 90 188.103
21 91 188.313
21 92 188.485
21 93 188.625
21 94 188.741
21 95 188.835
21 96 188.912
21 97 188.976
21 98 189.027
21 99 189.07
22 0 29421.2
22 1 53756
22 10 48856.7
22 100 189.12
22 12 0.000209127
22 13 32085
22 14 3.68239
22 15 39864.1
22 16 24931.7
22 17 23274.1
22 19 25748.4
22 20 24822.5
22 21 13306.4
22 22 48216.8
22 23 5.09099e-05
22 24 925.762
22 26 2820.24
22 27 41.7767
22 28 0.000408802
22 3 36603.4
22 30 28062.8
22 31 0.00024158
22 32 3.08627e-05
22 34 31607.7
22 35 17690.2
22 36 36873
22 37 29185.1
22 38 18584.9
22 39 26253
22 4 26914.9
22 40 0.00014348
22 41 3.10432e-05
22 42 18148.5
22 43 12475.9
22 44 0.000107382
22 45 16856.3
22 46 11379.2
22 47 7399.43
22 48 6451.58
22 49 7178.31
22 5 0.000109334
22 50 8741.6
22 51 9960.37
22 52 0.0162908
22 53 8095.73
22 54 5876.08
22 55 3964.67
22 56 2613.38
22 57 8440.3
22 58 1055.7
22 59 638.762
22 6 48140.1
22 60 381.335
22 61 232.656
22 62 152.914
22 63 114.575
22 64 100.053
22 65 98.6241
22 66 103.944
22 67 112.345
22 68 121.764
22 69 131.082
22 7 45713.2
22 70 139.736
22 71 147.48
22 72 154.245
22 73 160.061
22 74 165.004
22 75 169.169
22 76 172.657
22 77 175.565
22 78 177.98
22 79 179.98
22 8 47262.6
22 80 181.632
22 81 182.995
22 82 184.117
22 83 185.041
22 84 185.8
22 85 186.423
22 86 186.935
22 87 187.355
22 88 187.7
22 89 187.982
22 90 188.213
22 91 188.403
22 92 188.559
22 93 188.686
22 94 188.79
22 95 188.876
22 96 188.946
22 97 189.003
22 98 189.05
22 99 189.088
23 0 3058.81
23 100 189.133
23 11 257.878
23 13 26624.5
23 14 3.12107e-05
23 15 30979.2
23 16 3.09197e-05
23 17 2.85732e-05
23 18 22774.8
23 19 21107.8
23 2 9.21665e-05
23 20 19880.2
23 22 2408.68
23 24 27256.4
23 25 22565.3
23 26 177.992
23 27 0.482464
23 28 4.28514e-05
23 29 3.2371
23 3 34410.9
23 32 7.49315e-05
23 33 233.594
23 34 0.000149605
23 35 14911.7
23 36 28193.9
23 37 23542.3
23 38 15551.2
23 39 20273.9
23 4 7.00626e-05
23 40 4983.73
23 41 19793.7
23 42 14988.9
23 43 10312.7
23 44 10255.3
23 45 12068.9
23 46 8422.54
23 47 5433.87
23 48 4608.99
23 49 5111.11
23 50 6239.74
23 51 7073.32
23 52 6873.56
23 53 5672.97
23 54 4104.14
23 55 2753.21
23 56 1798.37
23 57 1158.63
23 58 731.463
23 59 453.594
23 60 282.117
23 61 183.206
23 62 131.022
23 63 107.397
23 64 100.395
23 65 102.536
23 66 109.295
23 67 118.014
23 68 127.189
23 69 136.007
23 70 144.069
23 71 151.218
23 72 157.427
23 73 162.744
23 74 167.25
23 75 171.041
23 76 174.211
23 77 176.851
23 78 179.042
23 79 180.855
23 8 17065.9
23 80 182.353
23 81 183.588
23 82 184.605
23 83 185.441
23 84 186.128
23 85 186.693
23 86 187.156
23 87 187.536
23 88 187.848
23 89 188.104
23 90 188.313
23 91 188.485
23 92 188.625
23 93 188.741
23 94 188.835
23 95 188.912
23 96 188.976
23 97 189.027
23 98 189.07
23 99 189.105
24 100 189.145
24 22 27495.2
24 23 0.00303095
24 24 21821.3
24 25 18387.5
24 26 20203.6
24 27 22261.1
24 28 15157.8
24 29 13402.5
24 3 24755
24 30 16124.9
24 31 11393.2
24 32 0.397897
24 33 16278
24 34 2.06871e-05
24 35 12437
24 36 21608.8
24 37 18844.4
24 38 12833
24 39 15669.1
24 4 26152.1
24 40 20504.4
24 41 15979.6
24 42 12405.8
24 43 8518.4
24 44 7861.7
24 45 8821.02
24 46 6292.28
24 47 4036.41
24 48 3366.11
24 49 3745.13
24 5 51113.9
24 50 4582.47
24 51 5160.67
24 52 4974.02
24 53 4085.98
24 54 2954.17
24 55 1981.03
24 56 1290.87
24 57 832.405
24 58 531.537
24 59 338.471
24 6 81781.7
24 60 220.402
24 61 153.206
24 62 118.961
24 63 105.016
24 64 102.924
24 65 107.297
24 66 114.821
24 67 123.536
24 68 132.326
24 69 140.598
24 7 28768.6
24 70 148.072
24 71 154.65
24 72 160.336
24 73 165.19
24 74 169.295
24 75 172.742
24 76 175.622
24 77 178.018
24 78 180.006
24 79 181.649
24 8 6.15476e-05
24 80 183.007
24 81 184.125
24 82 185.046
24 83 185.804
24 84 186.426
24 85 186.937
24 86 187.356
24 87 187.7
24 88 187.982
24 89 188.214
24 9 20920.3
24 90 188.403
24 91 188.559
24 92 188.686
24 93 188.79
24 94 188.876
24 95 188.946
24 96 189.003
24 97 189.05
24 98 189.088
24 99 189.12
25 0 15861.5
25 1 0.000169306
25 10 24536.6
25 100 189.156
25 11 0.809604
25 12 2.59171e-05
25 13 17789.3
25 14 24064.9
25 15 19213.6
25 16 3.03749
25 17 13800
25 18 14884.8
25 19 13843
25 2 18580.8
25 20 12668.2
25 21 38556.5
25 22 21035.8
25 23 7290.43
25 24 17480.5
25 25 14930.6
25 26 16333.2
25 27 17985.4
25 28 12241.2
25 29 10587.4
25 3 20321.1
25 30 12406.7
25 31 9336.55
25 32 13825.6
25 33 13065
25 34 14613.9
25 35 10285.3
25 36 16603.9
25 37 15009.6
25 38 10489.7
25 39 12128.2
25 4 20818.6
25 40 15688.4
25 41 12933.8
25 42 10284.1
25 43 7036.54
25 44 6090.23
25 45 6544.27
25 46 4734.59
25 47 3027.19
25 48 2506.4
25 49 2813.18
25 5 14931.2
25 50 3448.81
25 51 3855.07
25 52 3685.39
25 53 3015.94
25 54 2183.34
25 55 1468.79
25 56 959.584
25 57 622.241
25 58 403.51
25 59 265.135
25 6 23094.6
25 60 181.787
25 61 135.489
25 62 113.184
25 63 105.677
25 64 106.774
25 65 112.483
25 66 120.325
25 67 128.825
25 68 137.148
25 69 144.857
25 7 22808.8
25 70 151.757
25 71 157.794
25 72 162.993
25 73 167.419
25 74 171.155
25 75 174.288
25 76 176.903
25 77 179.077
25 78 180.879
25 79 182.369
25 8 18803.5
25 80 183.599
25 81 184.612
25 82 185.446
25 83 186.132
25 84 186.695
25 85 187.158
25 86 187.537
25 87 187.849
25 88 188.104
25 89 188.313
25 9 16618.1
25 90 188.485
25 91 188.626
25 92 188.741
25 93 188.835
25 94 188.912
25 95 188.976
25 96 189.027
25 97 189.07
25 98 189.105
25 99 189.133
26 0 288.166
26 1 0.302502
26 10 19430.6
26 100 189.166
26 11 2.48814e-05
26 12 18302.9
26 13 14424.9
26 14 18933
26 15 26671.5
26 16 10763.1
26 17 1.71774e-05
26 18 11954
26 19 11134.5
26 2 13.6558
26 20 10107
26 21 15673.9
26 22 16210.6
26 23 17133
26 24 14014
26 25 12099.3
26 26 13155.4
26 27 14519.1
26 28 9882.86
26 29 8374.07
26 3 16607.7
26 30 9619.64
26 31 7648.75
26 32 1.39725e-05
26 33 10488.7
26 34 11410.8
26 35 8452.41
26 36 12798.2
26 37 11923.8
26 38 8520.5
26 39 9406.16
26 4 16593.7
26 40 12099
26 41 10499.2
26 42 8539.22
26 43 5817.1
26 44 4757.83
26 45 4909.77
26 46 3582.71
26 47 2289.4
26 48 1899.25
26 49 2160.05
26 5 12221.4
26 50 2652.16
26 51 2941.15
26 52 2789.77
26 53 2276.56
26 54 1652.81
26 55 1118.51
26 56 735.813
26 57 482.279
26 58 319.363
26 59 217.794
26 6 18269.3
26 60 157.831
26 61 125.67
26 62 111.445
26 63 108.237
26 64 111.372
26 65 117.815
26 66 125.677
26 67 133.83
26 68 141.642
26 69 148.79
26 7 18070.6
26 70 155.141
26 71 160.67
26 72 165.417
26 73 169.448
26 74 172.846
26 75 175.692
26 76 178.065
26 77 180.037
26 78 181.671
26 79 183.021
26 8 19287.8
26 80 184.135
26 81 185.053
26 82 185.808
26 83 186.429
26 84 186.939
26 85 187.358
26 86 187.701
26 87 187.983
26 88 188.214
26 89 188.404
26 9 3.87337
26 90 188.559
26 91 188.686
26 92 188.79
26 93 188.876
26 94 188.946
26 95 189.003
26 96 189.05
26 97 189.088
26 98 189.12
26 99 189.145
27 0 10268
27 1 15202.7
27 10 15360.5
27 100 189.176
27 11 10036.1
27 12 14528.5
27 13 11674
27 14 14925.4
27 15 513.816
27 16 8707.81
27 17 9338.91
27 18 9584.49
27 19 8936.87
27 2 12133.7
27 20 8070.66
27 21 12568.8
27 22 12575.1
27 23 13624.4
27 24 11248.9
27 25 9798.53
27 26 10573.3
27 27 11726.5
27 28 2338.75
27 29 6635.37
27 3 13530.7
27 30 7509.91
27 31 6269.19
27 32 8537.72
27 33 8427.05
27 34 8942.42
27 35 6916.55
27 36 9902.07
27 37 9465.17
27 38 6893.99
27 39 7312.59
27 4 13243.7
27 40 9399.28
27 41 8551.37
27 42 7104.13
27 43 4816.37
27 44 3743.51
27 45 3715.49
27 46 2723.65
27 47 1744.92
27 48 1463.05
27 49 1691.84
27 5 10005.8
27 50 2079.42
27 51 2287.44
27 52 2154.09
27 53 1754.71
27 54 1279.5
27 55 873.204
27 56 580.769
27 57 386.826
27 58 263.12
27 59 187.151
27 6 14495.5
27 60 143.382
27 61 120.984
27 62 112.289
27 63 111.946
27 64 116.338
27 65 123.111
27 66 130.798
27 67 138.525
27 68 145.809
27 69 152.411
27 7 14311.4
27 70 158.24
27 71 163.296
27 72 167.625
27 73 171.294
27 74 174.382
27 75 176.966
27 76 179.12
27 77 180.908
27 78 182.388
27 79 183.612
27 8 15295.3
27 80 184.621
27 81 185.452
27 82 186.136
27 83 186.698
27 84 187.159
27 85 187.538
27 86 187.849
27 87 188.105
27 88 188.314
27 89 188.485
27 9 10386.3
27 90 188.626
27 91 188.741
27 92 188.835
27 93 188.912
27 94 188.976
27 95 189.027
27 96 189.07
27 97 189.105
27 98 189.133
27 99 189.156
28 0 8251.66
28 1 11920.9
28 10 12128.9
28 100 189.184
28 11 7937.85
28 12 11547.6
28 13 9445.85
28 14 11796.7
28 15 9748.77
28 16 7043.71
28 17 7634.21
28 18 7682.86
28 19 7166.29
28 2 9790.84
28 20 6454.66
28 21 10089.1
28 22 9816.04
28 23 7.19557e-05
28 24 9045.27
28 25 7939.14
28 26 8490.23
28 27 9484.68
28 28 6457.96
28 29 5270.02
28 3 11004.2
28 30 5900.5
28 31 5144.95
28 32 6759.74
28 33 6780.37
28 34 7033.44
28 35 5645.57
28 36 7694.9
28 37 7518.92
28 38 5566.41
28 39 5700.67
28 4 10586
28 40 7352.62
28 41 6991.19
28 42 5924.18
28 43 3996.66
28 44 2964.26
28 45 2831.3
28 46 2078.9
28 47 1340.18
28 48 1145.2
28 49 1349.71
28 5 8200.94
28 50 1659.57
28 51 1811.02
28 52 1694.5
28 53 1379.5
28 54 1011.84
28 55 698.065
28 56 471.248
28 57 320.624
28 58 225.188
28 59 167.494
28 6 11532.1
28 60 135.194
28 61 119.645
28 62 114.759
28 63 116.304
28 64 121.421
28 65 128.253
28 66 135.641
28 67 142.901
28 68 149.657
28 69 155.735
28 7 11335.8
28 70 161.075
28 71 165.692
28 72 169.635
28 73 172.972
28 74 175.777
28 75 178.123
28 76 180.076
28 77 181.697
28 78 183.038
28 79 184.147
28 8 12108.1
28 80 185.06
28 81 185.813
28 82 186.432
28 83 186.941
28 84 187.359
28 85 187.702
28 86 187.984
28 87 188.215
28 88 188.404
28 89 188.559
28 9 8192.94
28 90 188.686
28 91 188.79
28 92 188.876
28 93 188.946
28 94 189.003
28 95 189.05
28 96 189.088
28 97 189.12
28 98 189.145
28 99 189.166
29 0 6636.81
29 1 9373.1
29 10 9572.69
29 100 189.191
29 11 6312.65
29 12 9200.38
29 13 7651.26
29 14 9352.42
29 15 7833.37
29 16 5698.96
29 17 6226.97
29 18 6163.65
29 19 5746.31
29 2 7908
29 20 5173.37
29 21 8111.48
29 22 7708.56
29 23 8708.07
29 24 7290
29 25 6441.69
29 26 6817.96
29 27 7688.31
29 28 5234.16
29 29 4197.74
29 3 8944.11
29 30 4664.85
29 31 4230.68
29 32 5377.4
29 33 5466.77
29 34 5552.87
29 35 4603.5
29 36 6008.99
29 37 5984.37
29 38 4491.6
29 39 4457.77
29 4 8476.19
29 40 5790.29
29 41 5739.5
29 42 4954.07
29 43 3325.95
29 44 2361.37
29 45 2170.2
29 46 1592.73
29 47 1037.68
29 48 910.83
29 49 1095.57
29 5 6733.47
29 50 1346.58
29 51 1458.06
29 52 1356.75
29 53 1105.26
29 54 816.789
29 55 571.033
29 56 392.727
29 57 274.188
29 58 199.565
29 59 155.194
29 6 9198.91
29 60 131.162
29 61 120.476
29 62 118.217
29 63 120.977
29 64 126.458
29 65 133.17
29 66 140.184
29 67 146.958
29 68 153.2
29 69 158.78
29 7 8985.07
29 70 163.664
29 71 167.874
29 72 171.463
29 73 174.496
29 74 177.043
29 75 179.172
29 76 180.943
29 77 182.412
29 78 183.627
29 79 184.631
29 8 9575.13
29 80 185.459
29 81 186.14
29 82 186.701
29 83 187.162
29 84 187.54
29 85 187.85
29 86 188.105
29 87 188.314
29 88 188.485
29 89 188.626
29 9 6461.92
29 90 188.741
29 91 188.835
29 92 188.912
29 93 188.976
29 94 189.028
29 95 189.07
29 96 189.105
29 97 189.133
29 98 189.156
29 99 189.176
2 0 10051.7
2 1 184.76
2 10 692.232
2 100 188.214
2 11 2316.5
2 12 2950.65
2 13 1466.03
2 14 2278.83
2 15 76637.7
2 16 332.695
2 17 34469.4
2 18 151.803
2 19 21412.7
2 2 0.501882
2 20 209006
2 21 2307.62
2 22 1216.64
2 23 6.65887
2 24 1546.71
2 25 28.4844
2 26 48372.2
2 27 0.00236863
2 28 293651
2 29 10245.9
2 3 0.00554729
2 30 6033.57
2 31 7813.61
2 32 0.00216117
2 33 67967.3
2 34 16.2423
2 35 0.00168264
2 36 0.00207523
2 37 120305
2 38 0.00168863
2 39 0.594587
2 4 33315.3
2 40 106347
2 41 12047.9
2 42 62816.2
2 43 0.48064
2 44 12153.3
2 45 2067.41
2 46 4178.59
2 47 3.25554
2 48 13767.5
2 49 99.0651
2 5 8.33318
2 50 7576.6
2 51 102.414
2 52 0.076165
2 53 0.00167592
2 54 106.495
2 55 5.39321
2 56 6999.11
2 57 19234.6
2 58 2798.94
2 59 18571.9
2 6 0.149176
2 60 41489.8
2 61 1734.13
2 62 47.9937
2 63 10049.2
2 64 0.957407
2 65 0.00167649
2 66 62234.9
2 67 132461
2 68 26095.3
2 69 4796.14
2 7 449840
2 70 1397.1
2 71 504.032
2 72 214.485
2 73 115.177
2 74 85.3831
2 75 82.8215
2 76 90.8645
2 77 102.499
2 78 114.679
2 79 126.11
2 8 3252.45
2 80 136.298
2 81 145.124
2 82 152.642
2 83 158.974
2 84 164.269
2 85 168.674
2 86 172.324
2 87 175.341
2 88 177.83
2 89 179.879
2 9 596.715
2 90 181.565
2 91 182.951
2 92 184.088
2 93 185.022
2 94 185.788
2 95 186.416
2 96 186.931
2 97 187.353
2 98 187.698
2 99 187.982
30 0 5347.46
30 1 7391.39
30 10 7557.13
30 100 189.198
30 11 5049.52
30 12 7354.22
30 13 6210.48
30 14 7440.15
30 15 6316.13
30 16 4614.15
30 17 5073.47
30 18 4953.23
30 19 4610.9
30 2 6399.56
30 20 4157.71
30 21 6535.36
30 22 6089.47
30 23 7004.16
30 24 5891.68
30 25 5238.09
30 26 1.04449
30 27 6249.81
30 28 4253.2
30 29 3355.2
30 3 7272.91
30 30 3710.89
30 31 3488.14
30 32 4298.18
30 33 4419.53
30 34 4401.65
30 35 3754.78
30 36 4717.53
30 37 4776.86
30 38 3626.26
30 39 3497.73
30 4 6800.25
30 40 4590.16
30 41 4733.26
30 42 4156.24
30 43 2777.37
30 44 1892.37
30 45 1672.27
30 46 1224.97
30 47 810.692
30 48 736.286
30 49 904.087
30 5 5541.33
30 50 1109.82
30 51 1192.74
30 52 1104.88
30 53 901.89
30 54 672.642
30 55 477.676
30 56 335.791
30 57 241.401
30 58 182.37
30 59 147.88
30 6 7358.22
30 60 129.895
30 61 122.69
30 62 122.235
30 63 125.744
30 64 131.343
30 65 137.817
30 66 144.416
30 67 150.704
30 68 156.453
30 69 161.565
30 7 7130.46
30 70 166.025
30 71 169.861
30 72 173.125
30 73 175.88
30 74 178.192
30 75 180.123
30 76 181.728
30 77 183.06
30 78 184.161
30 79 185.07
30 8 7568.96
30 80 185.82
30 81 186.437
30 82 186.944
30 83 187.361
30 84 187.704
30 85 187.985
30 86 188.215
30 87 188.404
30 88 188.559
30 89 188.686
30 9 5100.05
30 90 188.79
30 91 188.876
30 92 188.946
30 93 189.003
30 94 189.05
30 95 189.088
30 96 189.12
30 97 189.145
30 98 189.166
30 99 189.184
31 0 4319.65
31 1 5847.18
31 10 5971.62
31 100 189.204
31 11 4063.96
31 12 5901.77
31 13 5055.41
31 14 5941.34
31 15 5110.89
31 16 3740.37
31 17 4132.77
31 18 3990.19
31 19 3704.78
31 2 5192.71
31 20 3352.39
31 21 5279.25
31 22 4838.98
31 23 5659.3
31 24 4777.01
31 25 4271.5
31 26 4411.06
31 27 5097.63
31 28 3466.99
31 29 2692.61
31 3 5921.73
31 30 2970.74
31 31 2885.45
31 32 3452.52
31 33 3584.65
31 34 3504.34
31 35 3066.73
31 36 3724.92
31 37 3827.21
31 38 2932.11
31 39 2754.78
31 4 5467.9
31 40 3662.96
31 41 3922.39
31 42 3499.63
31 43 2328.6
31 44 1525.94
31 45 1295.24
31 46 946.231
31 47 639.929
31 48 605.214
31 49 758.026
31 5 4573.01
31 50 928.397
31 51 990.695
31 52 914.597
31 53 749.107
31 54 564.796
31 55 408.31
31 56 294.154
31 57 218.198
31 58 171.021
31 59 143.964
31 6 5903.59
31 60 130.453
31 61 125.753
31 62 126.525
31 63 130.459
31 64 136.009
31 65 142.174
31 66 148.339
31 67 154.152
31 68 159.432
31 69 164.109
31 7 5668.43
31 70 168.177
31 71 171.668
31 72 174.635
31 73 177.137
31 74 179.235
31 75 180.985
31 76 182.44
31 77 183.647
31 78 184.644
31 79 185.468
31 8 5984.01
31 80 186.146
31 81 186.705
31 82 187.164
31 83 187.542
31 84 187.852
31 85 188.106
31 86 188.315
31 87 188.486
31 88 188.626
31 89 188.741
31 9 4030.69
31 90 188.835
31 91 188.912
31 92 188.976
31 93 189.028
31 94 189.07
31 95 189.105
31 96 189.133
31 97 189.156
31 98 189.176
31 99 189.191
32 0 3500.77
32 1 4641.72
32 10 4726.33
32 100 189.209
32 11 3291.79
32 12 4757.64
32 13 4129.57
32 14 4764.06
32 15 4151.18
32 16 3037.43
32 17 3368.46
32 18 3224.35
32 19 2982.52
32 2 4227.32
32 20 2713.44
32 21 4277.74
32 22 3868.4
32 23 4595.19
32 24 3887.52
32 25 3495.23
32 26 3558.55
32 27 4173.98
32 28 2836.65
32 29 2170.93
32 3 4831.56
32 30 2393.88
32 31 2396.3
32 32 2787.72
32 33 2918.76
32 34 2803.24
32 35 2510.66
32 36 2959.24
32 37 3079.98
32 38 2376.58
32 39 2178.74
32 4 4407.72
32 40 2942.78
32 41 3267.2
32 42 2958.63
32 43 1961.24
32 44 1238.68
32 45 1008.7
32 46 734.808
32 47 511.299
32 48 506.099
32 49 645.394
32 5 3786.24
32 50 787.783
32 51 835.043
32 52 769.128
32 53 632.987
32 54 483.232
32 55 356.293
32 56 263.519
32 57 201.814
32 58 163.765
32 59 142.368
32 6 4752.22
32 60 132.198
32 61 129.305
32 62 130.892
32 63 135.027
32 64 140.418
32 65 146.232
32 66 151.962
32 67 157.318
32 68 162.158
32 69 166.429
32 7 4516.16
32 70 170.135
32 71 173.311
32 72 176.006
32 73 178.277
32 74 180.18
32 75 181.767
32 76 183.085
32 77 184.178
32 78 185.082
32 79 185.827
32 8 4734.05
32 80 186.442
32 81 186.948
32 82 187.363
32 83 187.705
32 84 187.986
32 85 188.216
32 86 188.405
32 87 188.56
32 88 188.687
32 89 188.791
32 9 3191.91
32 90 188.876
32 91 188.946
32 92 189.003
32 93 189.05
32 94 189.088
32 95 189.12
32 96 189.145
32 97 189.166
32 98 189.184
32 99 189.198
33 0 2848.2
33 1 3698.94
33 10 3749.06
33 100 189.214
33 11 2684.23
33 12 3854.61
33 13 3387.01
33 14 3837.16
33 15 3385.29
33 16 2472.49
33 17 2749.18
33 18 2615.23
33 19 2407.21
33 2 3454.6
33 20 2206.03
33 21 3478.59
33 22 3111.59
33 23 3750.92
33 24 3176.73
33 25 2871.42
33 26 2878.84
33 27 3432.53
33 28 2330.92
33 29 1759.66
33 3 3952.87
33 30 1942.42
33 31 1999.12
33 32 2263.49
33 33 2387.16
33 34 2254.13
33 35 2062.11
33 36 2366.38
33 37 2491.28
33 38 1932.62
33 39 1731.29
33 4 3563.31
33 40 2380.62
33 41 2736.27
33 42 2512.23
33 43 1660.21
33 44 1012.88
33 45 790.455
33 46 574.523
33 47 414.412
33 48 430.719
33 49 557.698
33 5 3146.51
33 50 677.679
33 51 713.865
33 52 656.727
33 53 543.804
33 54 420.952
33 55 316.982
33 56 240.894
33 57 190.331
33 58 159.388
33 59 142.346
33 6 3839.41
33 60 134.69
33 61 133.098
33 62 135.208
33 63 139.389
33 64 144.551
33 65 149.995
33 66 155.296
33 67 160.219
33 68 164.646
33 69 168.542
33 7 3607.82
33 70 171.916
33 71 174.803
33 72 177.251
33 73 179.311
33 74 181.037
33 75 182.475
33 76 183.67
33 77 184.66
33 78 185.478
33 79 186.153
33 8 3749.43
33 80 186.71
33 81 187.167
33 82 187.544
33 83 187.853
33 84 188.107
33 85 188.315
33 86 188.486
33 87 188.626
33 88 188.741
33 89 188.835
33 9 2534.28
33 90 188.913
33 91 188.976
33 92 189.028
33 93 189.07
33 94 189.105
33 95 189.133
33 96 189.156
33 97 189.176
33 98 189.191
33 99 189.204
34 0 2327.77
34 1 2960.2
34 10 2982.31
34 100 189.219
34 11 2204.14
34 12 3140.09
34 13 2790.69
34 14 3105.57
34 15 2772.79
34 16 2018.76
34 17 2248.4
34 18 2130.47
34 19 1949.1
34 2 2835.37
34 20 1802.61
34 21 2840.21
34 22 2518.9
34 23 3079.09
34 24 2607.82
34 25 2369.6
34 26 2336.93
34 27 2836.3
34 28 1924.73
34 29 1434.95
34 3 3244.82
34 30 1587.72
34 31 1676.36
34 32 1848.93
34 33 1962.26
34 34 1823.03
34 35 1700.66
34 36 1905.6
34 37 2026.65
34 38 1578.09
34 39 1383.16
34 4 2890.05
34 40 1939.77
34 41 2304.69
34 42 2143.24
34 43 1413.2
34 44 835.02
34 45 624.085
34 46 453.224
34 47 341.544
34 48 373.12
34 49 488.826
34 5 2625.81
34 50 590.665
34 51 618.622
34 52 569.027
34 53 474.657
34 54 372.991
34 55 287.081
34 56 224.154
34 57 182.392
34 58 157.038
34 59 143.378
34 6 3114.53
34 60 137.625
34 61 136.965
34 62 139.39
34 63 143.51
34 64 148.401
34 65 153.469
34 66 158.358
34 67 162.871
34 68 166.916
34 69 170.467
34 7 2891.37
34 70 173.536
34 71 176.158
34 72 178.38
34 73 180.249
34 74 181.814
34 75 183.117
34 76 184.199
34 77 185.096
34 78 185.837
34 79 186.448
34 8 2974.35
34 80 186.952
34 81 187.366
34 82 187.707
34 83 187.987
34 84 188.217
34 85 188.405
34 86 188.56
34 87 188.687
34 88 188.791
34 89 188.876
34 9 2018.67
34 90 188.946
34 91 189.003
34 92 189.05
34 93 189.088
34 94 189.12
34 95 189.145
34 96 189.166
34 97 189.184
34 98 189.198
34 99 189.209
35 0 1912.22
35 1 2380.19
35 10 2380.59
35 100 189.223
35 11 1823.17
35 12 2573.15
35 13 2311.02
35 14 2526.66
35 15 2282
35 16 1654.54
35 17 1844.06
35 18 1744.32
35 19 1584.39
35 2 2338.37
35 20 1481.47
35 21 2329.58
35 22 2052.84
35 23 2542.8
35 24 2151.63
35 25 1965.36
35 26 1904.76
35 27 2355.89
35 28 1598.1
35 29 1178.19
35 3 2674.05
35 30 1308.03
35 31 1413.78
35 32 1520.21
35 33 1622.14
35 34 1483.81
35 35 1409.54
35 36 1546.14
35 37 1659.17
35 38 1295.07
35 39 1111.91
35 4 2352.69
35 40 1592.56
35 41 1952.74
35 42 1837.62
35 43 1210.21
35 44 694.716
35 45 497.32
35 46 361.732
35 47 286.914
35 48 328.946
35 49 434.316
35 5 2201.46
35 50 521.321
35 51 543.108
35 52 499.988
35 53 420.581
35 54 335.774
35 55 264.216
35 56 211.775
35 57 177.031
35 58 156.112
35 59 145.098
35 6 2537.88
35 60 140.791
35 61 140.794
35 62 143.384
35 63 147.374
35 64 151.969
35 65 156.667
35 66 161.163
35 67 165.294
35 68 168.984
35 69 172.217
35 7 2325.83
35 70 175.007
35 71 177.389
35 72 179.405
35 73 181.1
35 74 182.517
35 75 183.698
35 76 184.679
35 77 185.491
35 78 186.162
35 79 186.715
35 8 2364.48
35 80 187.171
35 81 187.546
35 82 187.855
35 83 188.108
35 84 188.316
35 85 188.487
35 86 188.627
35 87 188.742
35 88 188.836
35 89 188.913
35 9 1614.34
35 90 188.976
35 91 189.028
35 92 189.07
35 93 189.105
35 94 189.133
35 95 189.156
35 96 189.176
35 97 189.191
35 98 189.204
35 99 189.214
36 0 1579.94
36 1 1923.92
36 10 1908.12
36 100 189.227
36 11 1519.58
36 12 2121.92
36 13 1924.42
36 14 2067.38
36 15 1887.94
36 16 1362.26
36 17 1517.94
36 18 1436.38
36 19 1294.04
36 2 1938.78
36 20 1225.47
36 21 1920.53
36 22 1684.92
36 23 2113.31
36 24 1785.11
36 25 1639.19
36 26 1559.92
36 27 1967.91
36 28 1335.06
36 29 974.847
36 3 2213.57
36 30 1086.73
36 31 1199.86
36 32 1258.87
36 33 1349.45
36 34 1216.29
36 35 1175.06
36 36 1264.74
36 37 1367.86
36 38 1069.14
36 39 900.339
36 4 1923.34
36 40 1317.98
36 41 1664.79
36 42 1583.92
36 43 1043.1
36 44 583.922
36 45 400.911
36 46 293.072
36 47 246.167
36 48 294.974
36 49 390.865
36 5 1855.09
36 50 465.631
36 51 482.753
36 52 445.193
36 53 377.954
36 54 306.696
36 55 246.655
36 56 202.645
36 57 173.547
36 58 156.175
36 59 147.247
36 6 2078.32
36 60 144.044
36 61 144.509
36 62 147.16
36 63 150.973
36 64 155.265
36 65 159.603
36 66 163.728
36 67 167.503
36 68 170.867
36 69 173.808
36 7 1878.99
36 70 176.343
36 71 178.505
36 72 180.334
36 73 181.87
36 74 183.155
36 75 184.225
36 76 185.113
36 77 185.849
36 78 186.456
36 79 186.957
36 8 1884.71
36 80 187.37
36 81 187.709
36 82 187.989
36 83 188.218
36 84 188.406
36 85 188.56
36 86 188.687
36 87 188.791
36 88 188.876
36 89 188.946
36 9 1297.17
36 90 189.003
36 91 189.05
36 92 189.088
36 93 189.12
36 94 189.145
36 95 189.167
36 96 189.184
36 97 189.198
36 98 189.209
36 99 189.219
37 0 1313.81
37 1 1564.28
37 10 1536.89
37 100 189.23
37 11 1276.69
37 12 1761.65
37 13 1612.16
37 14 1702.07
37 15 1570.94
37 16 1127.76
37 17 1255.12
37 18 1190.5
37 19 1062.9
37 2 1616.86
37 20 1021.12
37 21 1592.31
37 22 1393.41
37 23 1768.19
37 24 1490.04
37 25 1375.56
37 26 1284.6
37 27 1653.84
37 28 1122.91
37 29 813.58
37 3 1841.65
37 30 911.062
37 31 1025.3
37 32 1050.58
37 33 1130.44
37 34 1004.88
37 35 986.134
37 36 1043.69
37 37 1136.38
37 38 888.767
37 39 735.189
37 4 1579.94
37 40 1100.02
37 41 1428.4
37 42 1372.81
37 43 905.245
37 44 496.383
37 45 327.84
37 46 241.925
37 47 216.005
37 48 268.797
37 49 356.004
37 5 1571.89
37 50 420.589
37 51 434.154
37 52 401.37
37 53 344.108
37 54 283.837
37 55 233.122
37 56 195.95
37 57 171.429
37 58 156.917
37 59 149.643
37 6 1711.42
37 60 147.283
37 61 148.063
37 62 150.702
37 63 154.311
37 64 158.299
37 65 162.293
37 66 166.071
37 67 169.517
37 68 172.58
37 69 175.254
37 7 1525.59
37 70 177.556
37 71 179.518
37 72 181.176
37 73 182.569
37 74 183.733
37 75 184.702
37 76 185.507
37 77 186.173
37 78 186.723
37 79 187.176
37 8 1507.34
37 80 187.55
37 81 187.857
37 82 188.11
37 83 188.317
37 84 188.487
37 85 188.627
37 86 188.742
37 87 188.836
37 88 188.913
37 89 188.976
37 9 1048.3
37 90 189.028
37 91 189.07
37 92 189.105
37 93 189.133
37 94 189.156
37 95 189.176
37 96 189.191
37 97 189.204
37 98 189.214
37 99 189.223
38 0 1100.3
38 1 1280.27
38 10 1244.97
38 100 189.233
38 11 1081.57
38 12 1473.06
38 13 1359.36
38 14 1410.76
38 15 1315.42
38 16 939.617
38 17 1043.44
38 18 993.921
38 19 878.884
38 2 1357
38 20 857.769
38 21 1328.5
38 22 1161.64
38 23 1489.91
38 24 1252
38 25 1162.07
38 26 1064.63
38 27 1398.95
38 28 951.508
38 29 685.507
38 3 1540.82
38 30 771.2
38 31 882.61
38 32 884.197
38 33 954.225
38 34 837.473
38 35 833.832
38 36 869.503
38 37 952.008
38 38 744.753
38 39 606.235
38 4 1305
38 40 926.388
38 41 1233.68
38 42 1196.71
38 43 791.297
38 44 427.21
38 45 272.746
38 46 204.213
38 47 193.921
38 48 248.608
38 49 327.867
38 5 1339.9
38 50 383.918
38 51 394.749
38 52 366.074
38 53 317.051
38 54 265.766
38 55 222.665
38 56 191.083
38 57 170.302
38 58 158.111
38 59 152.157
38 6 1417.94
38 60 150.441
38 61 151.429
38 62 154.004
38 63 157.394
38 64 161.086
38 65 164.754
38 66 168.208
38 67 171.35
38 68 174.137
38 69 176.567
39 2 1146.77
39 3 1297.11
39 49 305.03
39 62 157.068
39 65 167.001
39 71 181.269
39 72 182.632
39 80 187.86
39 92 189.133
3 0 157473
3 1 311.942
3 10 0.00144492
3 100 188.313
3 11 46820.9
3 12 47123.3
3 13 2253.34
3 14 53998.6
3 15 2168.93
3 16 25552.2
3 17 4657.19
3 18 99554.1
3 19 23953.9
3 2 135.727
3 20 80.3009
3 21 0.00724925
3 22 7.34603
3 23 56.1494
3 24 8903.42
3 25 113914
3 26 30280.1
3 27 467.681
3 28 552.275
3 29 111540
3 3 7426.71
3 30 170247
3 31 1.82249
3 32 3.31521
3 33 234.389
3 34 0.00491911
3 35 95988.6
3 36 3.70557
3 37 0.454462
3 38 7849.5
3 39 317.96
3 4 2.26245
3 40 1073.62
3 41 1.83218
3 42 77.843
3 43 37611.4
3 44 0.0476802
3 45 53044.1
3 46 106524
3 47 80665.4
3 48 6.52954
3 49 52416.9
3 5 129161
3 50 1309.11
3 51 0.00140018
3 52 605.262
3 53 28621.8
3 54 131921
3 55 281.969
3 56 36.0667
3 57 127859
3 58 10362.4
3 59 1928.14
3 6 21615.9
3 60 135678
3 61 510338
3 62 6444.78
3 63 50268.8
3 64 89.5569
3 65 80425.1
3 66 3199.68
3 67 70.2634
3 68 9609.01
3 69 2404.87
3 7 658.987
3 70 801.911
3 71 316.598
3 72 150.534
3 73 95.145
3 74 82.2924
3 75 86.3222
3 76 96.6697
3 77 108.768
3 78 120.631
3 79 131.441
3 8 451.095
3 80 140.928
3 81 149.072
3 82 155.969
3 83 161.757
3 84 166.584
3 85 170.592
3 86 173.909
3 87 176.649
3 88 178.906
3 89 180.765
3 9 15249.3
3 90 182.293
3 91 183.548
3 92 184.578
3 93 185.424
3 94 186.117
3 95 186.686
3 96 187.152
3 97 187.534
3 98 187.847
3 99 188.103
40 0 790.507
40 29 502.603
40 3 1099.35
40 32 644.097
40 33 697.489
40 35 611.793
40 72 183.259
40 75 185.88
40 81 188.221
40 98 189.227
41 14 841.339
41 15 806.744
41 18 609.135
41 19 523.153
41 21 806.268
41 25 733.304
41 40 586.797
41 46 143.79
41 47 159.114
41 5 863.678
41 50 308.621
41 7 708.779
41 80 188.114
41 81 188.32
41 82 188.489
41 83 188.628
41 86 188.913
41 88 189.028
41 89 189.07
41 9 485.409
41 90 189.105
41 91 189.133
41 92 189.157
41 93 189.176
41 94 189.191
41 95 189.204
41 96 189.214
41 97 189.223
42 0 588.962
42 100 189.243
42 11 609.117
42 18 527.77
42 19 449.461
42 2 725.076
42 23 811.14
42 28 534.725
42 31 525.948
42 33 529.492
42 34 448.408
42 42 734.272
42 46 134.879
42 47 154.157
42 48 204.719
42 52 279.148
42 57 171.127
42 70 182.126
42 79 187.996
42 8 537.35
43 19 390.94
43 25 563.041
43 31 472.244
43 43 453.328
43 95 189.214
44 19 344.528
44 29 312.669
44 3 613.354
44 30 356.509
44 31 427.777
44 32 387.956
44 46 126.595
44 47 149.826
44 64 173.446
44 65 175.577
44 82 188.689
44 87 189.05
44 99 189.243
45 27 535.841
45 41 537.023
45 45 139.804
45 48 192.13
45 49 232.222
45 57 173.918
45 59 168.176
45 72 185.612
45 74 186.77
45 94 189.214
46 14 428.755
46 18 332.852
46 27 482.874
46 29 265.656
46 3 482.973
46 32 321.766
46 39 214.263
46 44 208.695
46 48 189.836
46 5 482.832
46 50 246.493
46 51 248.791
46 54 205.327
46 63 174.421
46 64 176.254
46 66 179.648
46 82 188.793
46 86 189.05
47 15 386.029
47 17 296.309
47 18 305.187
47 20 285.526
47 34 269.898
47 52 231.725
47 56 181.631
47 79 188.494
47 80 188.631
47 83 188.914
47 96 189.236
47 98 189.244
48 13 383.446
48 14 352.158
48 17 272.736
48 25 342.158
48 26 277.723
48 40 292.451
48 41 416.821
48 45 136.997
48 47 152.682
48 48 186.951
48 49 216.766
48 5 404.179
48 50 232.9
48 51 234.555
48 52 226.196
48 53 213.427
48 54 200.511
48 55 189.753
48 56 181.926
48 57 176.91
48 58 174.198
48 59 173.195
48 63 177.053
48 64 178.573
48 65 180.03
48 69 184.549
48 7 278.43
48 70 185.332
48 74 187.415
48 75 187.74
48 76 188.009
48 78 188.415
48 79 188.567
48 8 228.399
48 81 188.794
48 83 188.947
48 97 189.243
48 99 189.249
49 1 273.583
49 10 242.505
49 100 189.252
49 42 396.281
49 88 189.157
4 17 8.36942
4 24 20842.6
4 35 29284.1
4 37 0.35818
4 38 10827.6
4 42 210.693
4 43 332928
4 44 0.00120032
4 48 748.672
4 49 10457.9
4 57 7133.77
4 70 483.572
4 76 102.843
4 79 136.418
4 8 5425.48
4 80 145.207
4 85 172.335
4 89 181.567
4 90 182.952
4 91 184.089
4 94 186.416
4 97 187.698
50 100 189.253
50 20 239.829
50 53 207.388
50 64 180.485
50 66 182.791
50 69 185.4
50 75 188.015
50 76 188.236
50 92 189.219
51 16 221.999
51 23 334.86
51 33 250.87
51 36 227.724
51 4 249.928
51 40 249.43
51 54 196.011
51 62 179.043
51 63 180.169
51 68 185.086
51 77 188.498
51 8 185.369
51 88 189.176
52 1 229.068
52 12 296.66
52 23 315.195
52 25 267.737
52 39 174.326
52 44 183.69
52 48 185.048
52 5 308.49
52 55 188.314
52 66 183.956
52 70 186.624
52 71 187.07
52 77 188.571
52 86 189.146
52 87 189.167
52 99 189.253
53 1 219.844
53 28 236.185
53 29 200.837
53 30 218.573
53 33 232.397
53 45 147.34
53 49 203.147
53 5 292.867
53 51 213.199
53 52 208.429
53 53 201.301
53 54 194.138
53 55 188.188
53 57 181.134
53 58 179.696
53 59 179.227
53 6 249.208
53 60 179.421
53 61 180.029
53 62 180.865
53 63 181.797
53 64 182.738
53 65 183.635
53 66 184.458
53 68 185.84
53 72 187.619
53 73 187.903
53 75 188.338
53 76 188.501
53 79 188.84
53 8 172.522
53 85 189.134
53 9 175.662
53 93 189.236
53 94 189.241
53 96 189.248
53 99 189.254
54 11 249.891
54 16 202.273
54 17 204.236
54 18 214.856
54 31 239.74
54 33 225.482
54 34 202.303
54 4 218.498
54 43 244.26
54 50 209.783
54 53 199.821
54 62 181.652
54 63 182.499
54 89 189.21
55 43 237.654
55 45 152.667
55 66 185.325
55 68 186.458
56 14 227.46
56 16 195.214
56 18 205.722
56 28 217.923
56 35 204.284
56 43 231.928
56 5 258.28
56 51 205.995
56 62 183.016
56 7 192.371
56 8 165.363
56 82 189.089
56 86 189.184
56 95 189.249
57 5 249.824
57 60 182.602
57 65 185.481
57 68 186.965
57 88 189.215
57 95 189.25
57 98 189.255
57 99 189.257
58 1 195.794
58 10 181.33
58 100 189.258
58 13 232.469
58 14 216.503
58 15 219.549
58 17 191.225
58 19 182.398
58 2 225.596
58 20 197.952
58 21 216.543
58 23 245.082
58 26 193.861
58 28 210.171
58 34 192.423
58 39 172.925
58 4 199.138
58 41 253.858
58 47 171.334
58 56 185.664
58 59 183.074
58 82 189.121
58 86 189.198
59 1 193.615
59 11 219.951
59 2 220.699
59 23 238.414
59 28 207.193
59 3 224.175
59 31 214.929
59 32 200.236
59 43 218.833
59 45 162.498
59 48 185.879
59 49 195.864
59 59 183.649
59 63 185.142
59 64 185.666
59 71 188.172
59 78 188.98
59 9 172.054
5 12 147619
5 32 113857
5 39 19563.1
5 42 0.851858
5 43 14145.3
5 49 2076.37
5 5 0.0659548
5 59 125194
5 72 95.148
5 77 120.862
5 85 173.92
5 87 178.911
5 9 8419.09
5 90 183.549
5 91 184.579
5 92 185.424
5 99 188.313
60 22 206.489
60 51 199.861
60 7 185.019
60 71 188.276
60 85 189.198
61 0 201.43
61 17 187.602
61 37 197.87
61 39 175.31
61 46 166.608
61 51 198.746
61 70 188.188
62 16 187.352
62 2 209.942
62 27 219.748
62 31 206.83
62 32 195.695
62 34 188.928
62 44 182.804
62 45 168.575
62 46 168.564
62 49 193.921
62 52 195.928
62 61 185.461
62 62 185.816
62 65 186.964
62 68 187.867
62 71 188.454
62 8 168.229
62 80 189.121
62 88 189.233
62 9 174.298
62 90 189.243
62 96 189.256
62 97 189.257
63 0 198.1
63 100 189.259
63 11 207.809
63 18 192.465
63 25 204.948
63 32 194.668
63 33 197.678
63 38 185.287
63 39 177.063
63 41 225.881
63 42 229.106
63 44 183.202
63 46 170.37
63 47 177.797
63 48 186.722
63 50 196.654
63 52 195.23
63 53 192.815
63 54 190.403
63 55 188.405
63 56 186.962
63 57 186.057
63 58 185.597
63 6 199.157
63 63 186.495
63 64 186.848
63 78 189.073
63 92 189.25
63 93 189.252
64 1 188.421
64 10 180.2
64 14 199.79
64 17 186.335
64 20 191.305
64 21 200.001
64 28 197.914
64 38 185.326
64 55 188.464
64 56 187.166
64 63 186.757
64 8 170.64
64 85 189.219
64 94 189.255
64 96 189.257
65 100 189.26
65 23 213.09
65 27 210.531
65 4 189.325
65 42 221.35
65 45 173.469
65 46 173.564
65 51 195.398
65 54 190.142
65 56 187.352
65 57 186.62
65 59 186.151
65 66 187.809
65 70 188.541
65 78 189.107
65 8 171.87
65 80 189.158
65 84 189.215
65 90 189.248
65 92 189.252
65 94 189.255
65 96 189.257
66 10 181.008
66 14 197.096
66 15 198.75
66 18 190.71
66 19 182.771
66 2 201.492
66 27 208.185
66 28 195.841
66 29 187.596
66 3 202.613
66 31 200.13
66 32 192.514
66 36 190.168
66 43 202.502
66 47 180.595
66 5 209.61
66 55 188.577
66 58 186.531
66 67 188.15
66 77 189.091
66 80 189.167
66 90 189.249
66 95 189.257
66 96 189.258
66 97 189.259
67 1 187.626
67 30 192.015
67 37 192.434
67 39 180.317
67 40 194.367
67 56 187.681
67 59 186.709
67 6 194.381
67 79 189.158
67 82 189.204
67 86 189.236
67 89 189.248
67 90 189.25
67 98 189.259
68 23 206.191
68 60 187.017
68 63 187.581
68 70 188.728
68 76 189.092
68 77 189.122
68 83 189.219
68 90 189.251
68 93 189.256
69 12 200.541
69 13 200.176
69 15 195.654
69 23 204.403
69 31 196.961
69 34 187.872
69 36 189.532
69 37 191.582
69 41 208.393
69 47 182.747
69 52 192.387
69 60 187.229
69 64 187.935
69 65 188.119
69 67 188.438
69 68 188.569
69 69 188.682
69 70 188.779
69 71 188.861
69 72 188.93
69 73 188.987
69 74 189.035
69 75 189.075
69 77 189.136
69 78 189.158
69 83 189.223
69 84 189.23
69 85 189.236
69 86 189.241
69 87 189.244
69 9 180.272
69 90 189.252
69 91 189.254
69 92 189.255
69 93 189.257
69 94 189.257
69 98 189.26
69 99 189.26
6 1 0.000845047
6 100 188.559
6 11 1770.33
6 13 4939.75
6 17 62.8464
6 18 281.358
6 2 2.10066
6 20 70.3141
6 21 51439.8
6 22 2213.17
6 23 3456.21
6 24 129934
6 25 19.8971
6 26 77762.4
6 27 25.3416
6 28 696.623
6 29 491012
6 32 42907.3
6 37 8.23387
6 46 1.2261
6 5 1520.75
6 51 22673.5
6 54 215673
6 58 406458
6 6 154955
6 64 239.982
6 77 126.498
6 79 145.307
6 8 155541
6 87 179.886
6 88 181.57
70 27 201.273
70 3 197.353
70 38 186.307
70 39 182.337
70 5 202.263
70 51 192.877
70 52 192.074
70 72 188.961
70 75 189.093
70 79 189.185
70 97 189.26
71 38 186.506
71 75 189.109
71 76 189.136
71 85 189.241
71 96 189.259
72 46 181.209
72 49 190.824
72 52 191.543
72 69 188.832
72 75 189.124
72 78 189.185
72 89 189.253
73 12 196.43
73 13 196.202
73 14 192.274
73 15 193.147
73 16 187.255
73 17 186.912
73 18 189.326
73 20 189.307
73 23 199.04
73 25 193.857
73 30 190.424
73 32 190.344
73 36 189.192
73 37 190.542
73 39 183.97
73 4 188.127
73 46 181.953
73 49 190.668
73 50 191.835
73 51 191.909
73 57 188.055
73 58 187.895
73 61 187.99
73 62 188.11
73 63 188.241
73 64 188.372
73 65 188.495
73 66 188.608
73 67 188.709
73 68 188.797
73 70 188.938
73 71 188.993
73 72 189.039
73 75 189.137
73 84 189.241
73 85 189.244
73 91 189.257
73 95 189.259
73 96 189.26
73 98 189.26
74 2 193.945
74 21 192.038
74 29 188.082
74 3 194.302
74 52 191.115
74 77 189.185
74 78 189.199
74 94 189.259
74 98 189.261
74 99 189.261
75 0 190.869
75 1 187.819
75 12 195.013
75 13 194.831
75 14 191.6
75 15 192.322
75 16 187.518
75 21 191.715
75 22 191.526
75 26 187.802
75 57 188.271
75 72 189.079
75 74 189.137
75 91 189.257
75 96 189.26
76 24 192.367
76 28 191.157
76 32 189.963
76 54 189.501
76 55 188.977
76 56 188.6
76 59 188.218
76 79 189.219
76 92 189.259
76 93 189.259
77 0 190.511
77 10 185.689
77 12 193.892
77 13 193.746
77 17 187.512
77 18 189.164
77 19 186.495
77 25 192.193
77 26 187.992
77 31 192.473
77 32 189.872
77 60 188.346
77 64 188.665
77 67 188.891
77 68 188.95
77 71 189.082
77 76 189.193
77 91 189.258
77 92 189.259
78 19 186.732
78 30 189.866
78 43 192.952
78 60 188.433
78 61 188.489
78 75 189.186
78 79 189.227
78 96 189.261
78 97 189.261
79 1 188.168
79 10 186.276
79 100 189.261
79 12 193
79 13 192.882
79 23 194.443
79 25 191.616
79 3 192.134
79 32 189.727
79 40 190.444
79 41 196.029
79 49 190.016
79 54 189.434
79 58 188.509
79 61 188.563
79 74 189.178
79 79 189.23
79 8 184.027
79 84 189.25
79 85 189.252
79 89 189.257
79 96 189.261
79 97 189.261
7 0 0.00335298
7 1 22400.4
7 100 188.626
7 11 9913.27
7 12 84485.6
7 13 148697
7 15 11142.4
7 16 47676.2
7 23 19653
7 26 1609.26
7 27 35069.3
7 28 0.000623872
7 29 45279.7
7 3 0.000675746
7 31 44.2596
7 32 44.3198
7 33 26298.5
7 4 1.87849
7 5 96528.2
7 50 11017.3
7 51 1.20576
7 57 9434.51
7 60 251168
7 62 103378
7 69 293.475
7 7 889460
7 70 145.699
7 84 173.932
7 85 176.664
7 87 180.771
80 1 188.25
80 70 189.101
80 77 189.22
80 82 189.246
81 36 189.105
81 39 186.77
81 4 188.519
81 77 189.224
81 80 189.241
82 100 189.261
82 11 191.524
82 19 187.512
82 22 190.275
82 36 189.111
82 42 194.766
82 52 190.078
82 55 189.101
82 56 188.895
82 65 188.95
82 66 188.996
82 67 189.037
82 82 189.249
82 87 189.257
83 33 189.91
83 44 188.203
83 51 190.215
83 52 189.999
83 94 189.261
84 22 190.075
84 36 189.126
84 98 189.261
85 1 188.598
85 10 187.556
85 29 188.791
85 32 189.478
85 35 189.248
85 37 189.53
85 38 188.437
85 54 189.353
85 56 188.99
85 61 188.878
85 73 189.206
85 91 189.26
86 13 191.003
86 28 189.888
86 37 189.5
86 45 187.186
87 26 188.716
87 31 190.396
87 62 188.977
87 67 189.125
87 85 189.257
87 88 189.259
87 93 189.261
87 95 189.261
87 99 189.262
88 0 189.611
88 11 190.481
88 12 190.724
88 21 189.821
88 22 189.791
88 38 188.641
88 50 189.821
88 54 189.328
88 95 189.261
89 1 188.8
89 11 190.363
89 2 190.193
89 22 189.738
89 29 188.938
89 52 189.664
89 59 188.977
89 84 189.257
8 12 267857
8 16 32834.5
8 21 12640.7
8 28 0.000505336
8 30 12393.1
8 35 8098.83
8 37 26796.6
8 8 276658
8 80 159.114
8 9 8420.01
90 10 188.208
90 41 191.479
90 63 189.075
90 8 187.451
90 90 189.261
91 30 189.396
91 32 189.369
91 64 189.115
91 71 189.217
92 12 190.233
92 26 188.92
92 30 189.382
92 35 189.243
92 46 188.142
92 47 188.585
92 52 189.559
92 53 189.432
92 64 189.129
92 84 189.259
92 97 189.262
93 0 189.466
93 21 189.591
93 23 190.498
93 26 188.951
93 38 188.879
93 39 188.492
93 40 189.525
93 5 190.449
93 54 189.302
93 72 189.232
93 83 189.258
93 89 189.261
93 91 189.261
93 92 189.261
93 95 189.261
93 97 189.262
94 1 188.973
94 10 188.549
94 18 189.201
94 39 188.564
94 4 189.022
94 45 188.324
94 57 189.112
94 58 189.093
94 59 189.089
94 60 189.094
94 61 189.106
94 80 189.256
94 81 189.257
94 84 189.259
94 89 189.261
95 2 189.765
95 35 189.246
95 36 189.204
95 40 189.476
95 42 190.746
95 46 188.432
95 51 189.546
95 88 189.261
95 91 189.261
95 93 189.261
95 94 189.261
95 99 189.262
96 13 189.889
96 19 188.81
96 2 189.716
96 24 189.634
96 58 189.124
96 71 189.235
96 73 189.243
96 79 189.256
96 83 189.259
96 90 189.261
97 52 189.442
97 53 189.365
97 58 189.137
97 84 189.26
9 25 710.34
9 45 382.338
9 95 187.846
