0  1.05  1.00
1  1.15  1.00
2  1.25  1.00
3  1.35  1.00
4  1.45  1.00
5  1.55  1.00
6  1.65  1.00
7  1.75  1.00
8  1.85  1.00
9  1.95  1.00
10  2.05  1.00
11  2.15  1.00
12  2.25  1.00
13  2.35  1.00
14  2.45  1.00
15  2.55  1.00
16  2.65  1.00
17  2.75  1.00
18  2.85  1.00
19  2.95  1.00
20  3.05  1.00
21  3.15  1.00
22  3.25  1.00
23  3.35  1.00
24  3.45  1.00
25  3.55  1.00
26  3.65  1.00
27  3.75  1.00
28  3.85  1.00
29  3.95  1.00
30  4.05  1.00
31  4.15  1.00
32  4.25  1.00
33  4.35  1.00
34  4.45  1.00
35  4.55  1.00
36  4.65  1.00
37  4.75  1.00
38  4.85  1.00
39  4.95  1.00
40  5.05  1.00
41  5.15  1.00
42  5.25  1.00
43  5.35  1.00
44  5.45  1.00
45  5.55  1.00
46  5.65  1.00
47  5.75  1.00
48  5.85  1.00
49  5.95  1.00
50  6.05  1.00
51  6.15  1.00
52  6.25  1.00
53  6.35  1.00
54  6.45  1.00
55  6.55  1.00
56  6.65  1.00
57  6.75  1.00
58  6.85  1.00
59  6.95  1.00

