0  1.05  1.06
1  1.15  1.05
2  1.25  1.03
3  1.35  1.00
4  1.45  0.98
5  1.55  0.99
6  1.65  0.98
7  1.75  0.98
8  1.85  0.99
9  1.95  0.96
10  2.05  0.97
11  2.15  0.97
12  2.25  0.98
13  2.35  0.96
14  2.45  0.99
15  2.55  0.99
16  2.65  0.95
17  2.75  0.96
18  2.85  0.97
19  2.95  0.98
20  3.05  0.99
21  3.15  1.01
22  3.25  1.00
23  3.35  0.98
24  3.45  0.99
25  3.55  0.99
26  3.65  0.98
27  3.75  1.00
28  3.85  1.00
29  3.95  0.99
30  4.05  1.00
31  4.15  1.02
32  4.25  1.03
33  4.35  1.05
34  4.45  1.06
35  4.55  1.06
36  4.65  1.10
37  4.75  1.10
38  4.85  1.08
39  4.95  1.12
40  5.05  1.08
41  5.15  1.10
42  5.25  1.07
43  5.35  1.06
44  5.45  1.03
45  5.55  1.03
46  5.65  1.01
47  5.75  0.96
48  5.85  1.05
49  5.95  1.03
50  6.05  0.98
51  6.15  0.98
52  6.25  0.98
53  6.35  1.01
54  6.45  1.01
55  6.55  1.01
56  6.65  0.99
57  6.75  1.01
58  6.85  0.99
59  6.95  1.02

