0  1.054225033890646  1.0755154639175255
1  1.1518300948938092  1.0626288659793812
2  1.2521464075915045  1.0414948453608246
3  1.3524627202892003  1.0092783505154639
4  1.4527790329868955  0.990721649484536
5  1.5503840939900586  0.9971649484536081
6  1.650700406687754  0.9938144329896906
7  1.7510167193854496  0.9899484536082472
8  1.8513330320831451  1.0056701030927833
9  1.9516493447808407  0.9719072164948452
10  2.051965657478536  0.9827319587628864
11  2.1522819701762312  0.9835051546391751
12  2.252598282873927  0.9868556701030926
13  2.3529145955716224  0.972422680412371
14  2.4505196565747855  0.9969072164948453
15  2.550835969272481  0.9956185567010308
16  2.651152281970176  0.9626288659793814
17  2.7514685946678723  0.9739690721649483
18  2.851784907365568  0.9765463917525772
19  2.9521012200632626  0.9876288659793813
20  3.0497062810664257  1.0005154639175255
21  3.1527338454586538  1.0206185567010309
22  3.250338906461817  1.0105670103092783
23  3.3506552191595125  0.9894329896907215
24  3.450971531857208  0.9920103092783504
25  3.5512878445549036  0.9904639175257731
26  3.6516041572525983  0.9886597938144328
27  3.751920469950294  1.0170103092783505
28  3.8522367826479895  1.0154639175257731
29  3.952553095345685  0.9969072164948453
30  4.050158156348848  0
31  4.150474469046544  0
32  4.2507907817442385  0
33  4.351107094441934  0
34  4.45142340713963  0
35  4.551739719837325  0
36  4.652056032535021  0
37  4.749661093538184  0
38  4.849977406235879  0
39  4.950293718933575  0
40  5.05061003163127  0
41  5.1509263443289655  0
42  5.251242657026661  0
43  5.348847718029824  0
44  5.44916403072752  0
45  5.549480343425215  0
46  5.649796656122913  0
47  5.750112968820605  0
48  5.850429281518302  0
49  5.950745594215998  0
50  6.051061906913692  0
51  6.148666967916856  0
52  6.248983280614551  0
53  6.349299593312244  0
54  6.449615906009941  0
55  6.549932218707637  0
56  6.650248531405333  0
57  6.750564844103027  0
58  6.850881156800722  0
59  6.948486217803889  0
