0  1.048158640226629  0.9778741486348022
1  1.1473087818696885  1.04000532417174
2  1.2492917847025493  1.0306472384626204
3  1.3484419263456089  0.9612890522974304
4  1.4504249291784703  0.9578884133968217
5  1.5495750708215297  0.9629983123380147
6  1.6487252124645895  0.963427360215378
7  1.7478753541076486  0.9734308761778476
8  1.8498583569405096  0.9885408755751112
9  1.9490084985835694  0.9685443915375808
10  2.048158640226629  0.9864202479255824
11  2.15014164305949  0.9934451409398671
12  2.2492917847025495  1.0028103590299964
13  2.348441926345609  0.987069194141402
14  2.45042492917847  1.015370682900368
15  2.54957507082153  1.0162252626926247
16  2.6487252124645893  0.9826117573784985
17  2.7478753541076486  0.9936791031282022
18  2.84985835694051  0.9936827195467424
19  2.949008498583569  1.0028351716794248
20  3.050991501416431  1.014966447672433
21  3.1501416430594897  1.0343316657625623
22  3.2492917847025495  1.023058585980351
23  3.348441926345609  1.0019982721555865
24  3.4504249291784705  1.0024274204890202
25  3.54957507082153  1.000090510919575
26  3.6487252124645897  0.9949876439033212
27  3.7507082152974505  1.0190338135133508
28  3.8498583569405103  1.0128671167098628
29  3.9490084985835696  0.9860621220340346
30  4.050991501416431  0.9941508448355536
31  4.150141643059491  0.9962820203724913
32  4.24929178470255  1.0045834086753864
33  4.348441926345609  1.0139486267655156
34  4.450424929178471  1.014803307013843
35  4.54957507082153  1.0048068229763125
36  4.64872521246459  1.0318316155345268
37  4.7507082152974505  1.0260905511020033
38  4.84985835694051  1.011413216000643
39  4.94900849858357  1.0426933277077934
40  5.050991501416431  1.0129097100837805
41  5.150141643059491  1.0248281196632714
42  5.2492917847025495  1.0086614228597837
43  5.35127478753541  1.005048018001728
44  5.450424929178471  0.975689831836538
45  5.549575070821531  0.9910124967351779
46  5.64872521246459  0.978250055250839
47  5.747875354107649  0.9654876137665
48  5.849858356940509  1.0388954855041892
49  5.94900849858357  1.0227287887007013
50  6.050991501416431  0.9786898519277522
51  6.150141643059491  1.014012516826392
52  6.2492917847025495  1.0027394370441807
53  6.351274787535412  1.0508281598456997
54  6.450424929178471  1.0397678460209352
55  6.54957507082153  1.031686255600426
56  6.651558073654391  1.0170090209551366
57  6.750708215297451  1.0378636007473934
58  6.84985835694051  0.9976543507524162
59  6.951841359773372  1.0517005203624457
