0 0.8984760197220979  0.8804347826086953
1 1.0925145674585388  1.1168478260869563
2 1.292783505154639  0.9755434782608694
3 1.4901837740923352  1.0081521739130435
4 1.6865531151949802  1.1032608695652173
5 1.8944867772299414  0.9972826086956519
6 2.0922008068130884  1.010869565217391
7 2.2979829672792467  1.0353260869565215
8 2.487808157776781  1.027173913043478
9 2.6944419542805913  0.9999999999999998
10 2.89354549529359  0.9293478260869565
11 3.0911250560286865  0.951086956521739
12 3.2891528462572834  0.9456521739130432
13 3.4938144329896903  1.0380434782608694
14 3.691304347826087  1.0652173913043477
15 3.8891528462572835  1.0706521739130432
16 4.089152846257284  0.9456521739130432
17 4.2857014791573285  1.029891304347826
18 4.491931869116988  1.027173913043478
19 4.689152846257284  1.0706521739130432
20 4.898117436127297  0.902173913043478
21 5.093231734648139  1.0733695652173911
22 5.292424921559838  0.9972826086956519
23 5.498117436127297  1.027173913043478
24 5.700627521290901  0.75
25 5.889825190497534  0.7798913043478262
26 6.0940385477364405  0.8994565217391304
27 6.297176154190945  1.0842391304347823
28 6.491662931420887  1.293478260869565
