2        1.08      2.6
2.25     0.92      2.6
2.5      0.719     2.5
2.75     0.62      2.6
3        0.515     2.9
3.25     0.398     3.1
3.5      0.329     3.3
3.75     0.261     3.3
4        0.195     3.4
4.25     0.157     4.
4.5      0.113     4.9
4.75     0.0833    5.
5        0.0613    4.7
5.25     0.0483    5.1
5.5      0.0354    5.7
5.75     0.0292    6.4
6.       0.0192    8.5
6.25     0.0128    9.4
6.5      0.00998   9.8
6.75     0.00754   11.
7.       0.00498   13. 
7.25     0.00326   18.
7.5      0.00195   23.
7.75     0.000847  27.
8.       0.000587  29.
