2        1.32    1.8
2.25     1.12    1.8
2.5      0.915   1.9
2.75     0.77    1.9
3        0.651   1.9
3.25     0.553   2.
3.5      0.454   2.
3.75     0.364   2.1
4        0.294   2.1
4.25     0.23    2.3
4.5      0.179   2.5
4.75     0.138   2.5
5        0.11    2.6
5.25     0.0864  2.6
5.5      0.0646  2.8
5.75     0.051   3.
6.       0.0389  3.2
6.25     0.0287  3.4
6.5      0.0217  3.5
6.75     0.0161  3.7
7.       0.0114  3.9 
7.25     0.00717 4.5
7.5      0.00464 4.8
7.75     0.00297 5.2
8.       0.00162 7.2
