2        1.26    2.5
2.25     1.08    2.4
2.5      0.894   2.3
2.75     0.777   2.3
3        0.641   2.4
3.25     0.536   2.5
3.5      0.439   2.5
3.75     0.346   2.5
4        0.282   2.6
4.25     0.22    2.9
4.5      0.166   3.4
4.75     0.125   3.5
5        0.0974  3.4
5.25     0.0747  3.5
5.5      0.0558  3.8
5.75     0.0411  4.3
6.       0.0305  5.0
6.25     0.0198  5.5
6.5      0.0154  5.7
6.75     0.0109  5.9
7.       0.00775 6.1 
7.25     0.00447 7.5
7.5      0.0029  8.8
7.75     0.00178 9.4
8.       0.00106 13
