2.00  0.03  1.31    0.3  1.0  0.5  1.7  2.1
2.25 -0.03  1.11    0.3  1.0  0.5  1.7  2.1
2.50  0.07  0.927   0.3  1.0  0.5  1.7  2.1
2.75 -0.35  0.775   0.3  1.0  0.5  1.7  2.1
3.00  0.24  0.651   0.3  1.0  0.5  1.8  2.1
3.25  0.14  0.547   0.3  1.0  0.5  1.8  2.1
3.50 -0.06  0.449   0.3  1.0  1.0  1.8  2.3
3.75 -0.22  0.363   0.3  1.0  1.0  1.8  2.3
4.00 -0.19  0.288   0.3  1.0  1.0  1.8  2.3
4.25  0.52  0.227   0.3  1.5  1.0  1.8  2.6
4.50  0.89  0.177   0.3  1.5  1.0  1.8  2.6
4.75  0.46  0.137   0.3  1.5  1.0  1.8  2.6
5.00  0.70  0.109   0.3  1.5  1.5  1.8  2.8
5.25  0.43  0.0854  0.3  1.5  1.5  1.8  2.8
5.50 -1.24  0.0656  0.3  3.0  1.5  1.8  3.8
5.75 -1.56  0.0499  0.3  3.0  2.0  1.8  4.1
6.00 -0.59  0.0368  0.3  3.0  2.0  1.8  4.1
6.25 -0.62  0.0274  0.3  3.0  2.0  1.9  4.1
6.50 -0.08  0.0207  0.3  3.0  2.0  1.9  4.1
6.75  0.09  0.0156  0.3  3.0  2.0  1.9  4.1
7.00 -0.27  0.0111  0.4  3.0  2.0  1.9  4.1
7.25 -0.90  0.00691 0.4  3.0  2.0  1.9  4.1
7.50 -0.93  0.00430 0.5  3.0  2.5  1.9  4.4
7.75 -0.14  0.00278 0.9  3.0  2.5  1.9  4.4
8.00 -1.18  0.00149 1.8  3.0  2.5  1.9  4.7
