2.00   1.13   1.15   1.43   1.48
2.25   0.981  0.997  1.26   1.30
2.50   0.847  0.855  1.12   1.15
2.75   0.724  0.727  0.980  1.00
3.00   0.611  0.611  0.870  0.876
3.25   0.507  0.506  0.757  0.759
3.50   0.416  0.415  0.640  0.642
3.75   0.337  0.336  0.539  0.539
4.00   0.268  0.267  0.450  0.451
4.25   0.211  0.210  0.367  0.367
4.50   0.164  0.163  0.294  0.293
4.75   0.127  0.127  0.232  0.232
5.00   0.0972 0.0969 0.183  0.183
5.25   0.0737 0.0733 0.143  0.143
5.50   0.0555 0.0552 0.110  0.110
5.75   0.0417 0.0414 0.0835 0.0835
6.00   0.0312 0.0310 0.0621 0.0621
6.25   0.0231 0.0230 0.0470 0.0470
6.50   0.0168 0.0166 0.0358 0.0358
6.75   0.0117 0.0116 0.0271 0.0271
7.00   0.00792 0.0785 0.0195 0.0195
7.25   0.00528 0.0523 0.0132 0.0133
7.50   0.00348 0.0344 0.00865 0.00865
7.75   0.00222 0.0219 0.00601 0.00601
8.00   0.00140 0.0138 0.00384 0.00384
