2.00 -0.03  1.13    2.3  -0.04  1.27     2.2   
2.25 -0.12  0.919   2.3   0.10  1.07     2.2
2.50  0.14  0.728   2.4  -0.11  0.906    2.2
2.75 -0.38  0.613   2.4   0.00  0.763    2.2
3.00  0.31  0.504   2.4   0.24  0.639    2.2
3.25  0.05  0.410   2.4   0.98  0.531    2.2
3.50  0.04  0.321   2.6   0.65  0.433    2.4
3.75  1.49  0.254   2.6   0.49  0.351    2.4
4.00 -0.87  0.200   2.7  -0.09  0.282    2.5
4.25 -0.63  0.151   2.9   0.02  0.218    2.7
4.50  4.49  0.110   3.0  -1.26  0.165    2.8
4.75  0.21  0.0797  3.0  -0.80  0.122    2.8
5.00 -2.47  0.0615  3.3  -0.48  0.0959   3.1
5.25 -2.48  0.0468  3.3  -0.92  0.0736   3.1
5.50 -5.41  0.0350  4.4  -0.93  0.0552   4.3
5.75 -0.32  0.0255  4.6  -0.07  0.0401   4.5
6.00  2.26  0.0182  4.9   1.69  0.0281   4.7
6.25  1.53  0.0132  5.0   0.77  0.0204   4.7
6.50 -0.76  0.00982 5.2   0.10  0.0150   4.9
6.75  5.47  0.00732 5.2  -0.94  0.0107   4.9
7.00 -5.01  0.00513 7.1  -0.32  0.00720  5.3
7.25 -1.73  0.00315 9.2  -1.23  0.00447  5.3
7.50 -8.94  0.00183 11.1 -0.96  0.00254  5.7
7.75 -32.75 0.00103 15.7 -1.07  0.00165  5.7
8.00 -55.56 0.000491 20.6 -1.55 0.000963 7.0
