0  1.125  1.042
1  1.375  1.01
2  1.625  1.001
3  1.875  0.962
4  2.125  0.995
5  2.375  0.982
6  2.625  0.975
7  2.875  0.977
8  3.125  0.980
9  3.375  0.976
10  3.625  0.993
11  3.875  0.986
12  4.125  1.026
13  4.375  1.041
14  4.625  1.068
15  4.875  1.080
16  5.125  1.059
17  5.375  1.038
18  5.625  1.038
19  5.875  1.041
20  6.125  0.973
21  6.375  0.959
22  6.625  0.883
23  6.875  0.939

0  1.125  0.971
1  1.375  1.005
2  1.625  0.998
3  1.875  0.988
4  2.125  0.970
5  2.375  0.978
6  2.625  0.971
7  2.875  0.972
8  3.125  0.982
9  3.375  0.990
10  3.625  0.986
11  3.875  0.985
12  4.125  0.994
13  4.375  1.020
14  4.625  1.056
15  4.875  1.063
16  5.125  1.080
17  5.375  1.084
18  5.625  1.060
19  5.875  1.043
20  6.125  1.040
21  6.375  1.012
22  6.625  0.975
23  6.875  0.978

0  1.3  0.993
1  1.5  0.990
2  1.7  0.961
3  1.9  0.959
4  2.1  0.964
5  2.3  0.964
6  2.5  0.971
7  2.7  0.973
8  2.9  0.955
9  3.1  0.981
10  3.3  0.979
11  3.5  0.986
12  3.7  0.979
13  3.9  0.959
14  4.1  1.010
15  4.3  1.038
16  4.5  1.080
17  4.7  1.101
18  4.9  1.115
19  5.1  1.125
20  5.3  1.143
21  5.5  1.083
22  5.7  1.084
23  5.9  1.055
24  6.2  1.059
25  6.7  0.999


0  1.05  1.06
1  1.15  1.05
2  1.25  1.03
3  1.35  1.00
4  1.45  0.98
5  1.55  0.99
6  1.65  0.98
7  1.75  0.98
8  1.85  0.99
9  1.95  0.96
10  2.05  0.97
11  2.15  0.97
12  2.25  0.98
13  2.35  0.96
14  2.45  0.99
15  2.55  0.99
16  2.65  0.95
17  2.75  0.96
18  2.85  0.97
19  2.95  0.98
20  3.05  0.99
21  3.15  1.01
22  3.25  1.00
23  3.35  0.98
24  3.45  0.99
25  3.55  0.99
26  3.65  0.98
27  3.75  1.00
28  3.85  1.00
29  3.95  0.99
30  4.05  1.00
31  4.15  1.02
32  4.25  1.03
33  4.35  1.05
34  4.45  1.06
35  4.55  1.06
36  4.65  1.10
37  4.75  1.10
38  4.85  1.08
39  4.95  1.12
40  5.05  1.08
41  5.15  1.10
42  5.25  1.07
43  5.35  1.06
44  5.45  1.03
45  5.55  1.03
46  5.65  1.01
47  5.75  0.96
48  5.85  1.05
49  5.95  1.03
50  6.05  0.98
51  6.15  0.98
52  6.25  0.98
53  6.35  1.01
54  6.45  1.01
55  6.55  1.01
56  6.65  0.99
57  6.75  1.01
58  6.85  0.99
59  6.95  1.02

